trip_id,arrival_time,departure_time,stop_id,stop_sequence,pickup_type,drop_off_type
t_297134_b_21608_tn_0,12:35:00,12:35:00,26244,1,0,1
t_297134_b_21608_tn_0,,,26079,2,0,0
t_297134_b_21608_tn_0,,,26080,3,0,0
t_297134_b_21608_tn_0,12:40:00,12:40:00,26161,4,0,0
t_297134_b_21608_tn_0,12:44:00,12:44:00,759043,5,0,0
t_297134_b_21608_tn_0,12:52:00,12:52:00,26199,6,0,0
t_297134_b_21608_tn_0,,,26200,7,0,0
t_297134_b_21608_tn_0,13:00:00,13:00:00,26202,8,0,0
t_297134_b_21608_tn_0,,,26203,9,0,0
t_297134_b_21608_tn_0,,,26205,10,0,0
t_297134_b_21608_tn_0,,,26086,11,0,0
t_297134_b_21608_tn_0,13:05:00,13:05:00,26087,12,0,0
t_297134_b_21608_tn_0,,,26088,13,0,0
t_297134_b_21608_tn_0,13:08:00,13:08:00,26089,14,0,0
t_297134_b_21608_tn_0,,,26091,15,0,0
t_297134_b_21608_tn_0,,,26092,16,0,0
t_297134_b_21608_tn_0,13:16:00,13:16:00,26099,17,0,0
t_297134_b_21608_tn_0,13:17:00,13:17:00,26141,18,1,0
t_31175_b_718_tn_0,13:40:00,13:40:00,844531,1,0,0
t_31175_b_718_tn_0,,,2434993,2,0,0
t_31175_b_718_tn_0,,,2434994,3,0,0
t_31175_b_718_tn_0,,,2434995,4,0,0
t_31175_b_718_tn_0,,,2434996,5,0,0
t_31175_b_718_tn_0,,,2434997,6,0,0
t_31175_b_718_tn_0,,,2434998,7,0,0
t_31175_b_718_tn_0,,,2434999,8,0,0
t_31175_b_718_tn_0,,,2435000,9,0,0
t_31175_b_718_tn_0,13:45:00,13:45:00,25988,10,0,0
t_31175_b_718_tn_0,,,25989,11,0,0
t_31175_b_718_tn_0,,,25990,12,0,0
t_31175_b_718_tn_0,13:50:00,13:50:00,25991,13,0,0
t_31175_b_718_tn_0,,,25992,14,0,0
t_31175_b_718_tn_0,,,25993,15,0,0
t_31175_b_718_tn_0,,,25994,16,0,0
t_31175_b_718_tn_0,,,25995,17,0,0
t_31175_b_718_tn_0,13:57:00,13:57:00,26099,18,0,0
t_31175_b_718_tn_0,,,25996,19,0,0
t_31175_b_718_tn_0,,,25998,20,0,0
t_31175_b_718_tn_0,,,25999,21,0,0
t_31175_b_718_tn_0,,,26000,22,0,0
t_31175_b_718_tn_0,,,26001,23,0,0
t_31175_b_718_tn_0,,,26002,24,0,0
t_31175_b_718_tn_0,,,26003,25,0,0
t_31175_b_718_tn_0,,,26004,26,0,0
t_31175_b_718_tn_0,14:06:00,14:06:00,26005,27,0,0
t_31175_b_718_tn_0,,,26006,28,0,0
t_31175_b_718_tn_0,,,26007,29,0,0
t_31175_b_718_tn_0,14:12:00,14:12:00,26008,30,0,0
t_31175_b_718_tn_0,,,26009,31,0,0
t_31175_b_718_tn_0,,,26010,32,0,0
t_31175_b_718_tn_0,,,26011,33,0,0
t_31175_b_718_tn_0,,,26012,34,0,0
t_31175_b_718_tn_0,,,26013,35,0,0
t_31175_b_718_tn_0,,,26014,36,0,0
t_31175_b_718_tn_0,,,26015,37,0,0
t_31175_b_718_tn_0,,,26016,38,0,0
t_31175_b_718_tn_0,,,26017,39,0,0
t_31175_b_718_tn_0,,,26018,40,0,0
t_31175_b_718_tn_0,14:23:00,14:23:00,26019,41,0,0
t_31175_b_718_tn_0,,,26020,42,0,0
t_31175_b_718_tn_0,,,26021,43,0,0
t_31175_b_718_tn_0,,,26022,44,0,0
t_31175_b_718_tn_0,,,26023,45,0,0
t_31175_b_718_tn_0,,,26024,46,0,0
t_31175_b_718_tn_0,,,26025,47,0,0
t_31175_b_718_tn_0,,,26026,48,0,0
t_31175_b_718_tn_0,,,26027,49,0,0
t_31175_b_718_tn_0,,,26292,50,0,0
t_31175_b_718_tn_0,14:32:00,14:32:00,26040,51,0,0
t_31175_b_718_tn_0,,,26029,52,0,0
t_31175_b_718_tn_0,,,26030,53,0,0
t_31175_b_718_tn_0,,,26031,54,0,0
t_31175_b_718_tn_0,,,26032,55,0,0
t_31175_b_718_tn_0,,,26033,56,0,0
t_31175_b_718_tn_0,,,26034,57,0,0
t_31175_b_718_tn_0,14:40:00,14:40:00,26035,58,1,0
t_32713_b_718_tn_0,10:35:00,10:35:00,26035,1,0,0
t_32713_b_718_tn_0,,,26036,2,0,0
t_32713_b_718_tn_0,,,26037,3,0,0
t_32713_b_718_tn_0,,,26038,4,0,0
t_32713_b_718_tn_0,,,26039,5,0,0
t_32713_b_718_tn_0,10:43:00,10:43:00,26040,6,0,0
t_32713_b_718_tn_0,,,26062,7,0,0
t_32713_b_718_tn_0,,,26063,8,0,0
t_32713_b_718_tn_0,,,26064,9,0,0
t_32713_b_718_tn_0,,,26066,10,0,0
t_32713_b_718_tn_0,,,26067,11,0,0
t_32713_b_718_tn_0,,,26068,12,0,0
t_32713_b_718_tn_0,,,26069,13,0,0
t_32713_b_718_tn_0,10:51:00,10:51:00,26070,14,0,0
t_32713_b_718_tn_0,,,26071,15,0,0
t_32713_b_718_tn_0,,,26072,16,0,0
t_32713_b_718_tn_0,,,26073,17,0,0
t_32713_b_718_tn_0,,,26074,18,0,0
t_32713_b_718_tn_0,,,26075,19,0,0
t_32713_b_718_tn_0,,,26076,20,0,0
t_32713_b_718_tn_0,,,26077,21,0,0
t_32713_b_718_tn_0,,,26078,22,0,0
t_32713_b_718_tn_0,,,26079,23,0,0
t_32713_b_718_tn_0,,,26080,24,0,0
t_32713_b_718_tn_0,11:02:00,11:02:00,26081,25,0,0
t_32713_b_718_tn_0,,,26082,26,0,0
t_32713_b_718_tn_0,,,26083,27,0,0
t_32713_b_718_tn_0,11:09:00,11:09:00,26084,28,0,0
t_32713_b_718_tn_0,,,26085,29,0,0
t_32713_b_718_tn_0,,,26086,30,0,0
t_32713_b_718_tn_0,,,26087,31,0,0
t_32713_b_718_tn_0,,,26088,32,0,0
t_32713_b_718_tn_0,,,26089,33,0,0
t_32713_b_718_tn_0,,,26090,34,0,0
t_32713_b_718_tn_0,,,26091,35,0,0
t_32713_b_718_tn_0,,,26093,36,0,0
t_32713_b_718_tn_0,11:17:00,11:17:00,26099,37,0,0
t_32713_b_718_tn_0,,,26094,38,0,0
t_32713_b_718_tn_0,,,26095,39,0,0
t_32713_b_718_tn_0,,,26096,40,0,0
t_32713_b_718_tn_0,,,26097,41,0,0
t_32713_b_718_tn_0,11:25:00,11:25:00,26098,42,0,0
t_32713_b_718_tn_0,11:28:00,11:28:00,2435001,43,0,0
t_32713_b_718_tn_0,,,2434985,44,0,0
t_32713_b_718_tn_0,,,2434986,45,0,0
t_32713_b_718_tn_0,,,2434987,46,0,0
t_32713_b_718_tn_0,,,2434988,47,0,0
t_32713_b_718_tn_0,,,2434989,48,0,0
t_32713_b_718_tn_0,,,2434990,49,0,0
t_32713_b_718_tn_0,,,2434991,50,0,0
t_32713_b_718_tn_0,,,2434992,51,0,0
t_32713_b_718_tn_0,11:33:00,11:33:00,844532,52,1,0
t_34203_b_718_tn_0,18:12:00,18:12:00,26051,1,0,1
t_34203_b_718_tn_0,,,26052,2,0,0
t_34203_b_718_tn_0,,,26053,3,0,0
t_34203_b_718_tn_0,,,26054,4,0,0
t_34203_b_718_tn_0,,,26055,5,0,0
t_34203_b_718_tn_0,,,26056,6,0,0
t_34203_b_718_tn_0,18:17:00,18:17:00,26057,7,0,0
t_34203_b_718_tn_0,,,26058,8,0,0
t_34203_b_718_tn_0,,,26059,9,0,0
t_34203_b_718_tn_0,,,26060,10,0,0
t_34203_b_718_tn_0,18:21:00,18:21:00,26163,11,0,0
t_34203_b_718_tn_0,,,26029,12,0,0
t_34203_b_718_tn_0,,,26030,13,0,0
t_34203_b_718_tn_0,,,26031,14,0,0
t_34203_b_718_tn_0,,,26032,15,0,0
t_34203_b_718_tn_0,,,26033,16,0,0
t_34203_b_718_tn_0,,,26034,17,0,0
t_34203_b_718_tn_0,18:26:00,18:26:00,26035,18,1,0
t_35387_b_718_tn_0,14:45:00,14:45:00,26035,1,0,0
t_35387_b_718_tn_0,,,26036,2,0,0
t_35387_b_718_tn_0,,,26037,3,0,0
t_35387_b_718_tn_0,,,26038,4,0,0
t_35387_b_718_tn_0,,,26039,5,0,0
t_35387_b_718_tn_0,14:53:00,14:53:00,26040,6,0,0
t_35387_b_718_tn_0,,,26062,7,0,0
t_35387_b_718_tn_0,,,26063,8,0,0
t_35387_b_718_tn_0,,,26064,9,0,0
t_35387_b_718_tn_0,,,26066,10,0,0
t_35387_b_718_tn_0,,,26067,11,0,0
t_35387_b_718_tn_0,,,26068,12,0,0
t_35387_b_718_tn_0,,,26069,13,0,0
t_35387_b_718_tn_0,15:01:00,15:01:00,26070,14,0,0
t_35387_b_718_tn_0,,,26071,15,0,0
t_35387_b_718_tn_0,,,26072,16,0,0
t_35387_b_718_tn_0,,,26073,17,0,0
t_35387_b_718_tn_0,,,26074,18,0,0
t_35387_b_718_tn_0,,,26075,19,0,0
t_35387_b_718_tn_0,,,26076,20,0,0
t_35387_b_718_tn_0,,,26077,21,0,0
t_35387_b_718_tn_0,,,26078,22,0,0
t_35387_b_718_tn_0,,,26079,23,0,0
t_35387_b_718_tn_0,,,26080,24,0,0
t_35387_b_718_tn_0,15:12:00,15:12:00,26081,25,0,0
t_35387_b_718_tn_0,,,26082,26,0,0
t_35387_b_718_tn_0,,,26083,27,0,0
t_35387_b_718_tn_0,15:19:00,15:19:00,26084,28,0,0
t_35387_b_718_tn_0,,,26085,29,0,0
t_35387_b_718_tn_0,,,26086,30,0,0
t_35387_b_718_tn_0,,,26087,31,0,0
t_35387_b_718_tn_0,,,26088,32,0,0
t_35387_b_718_tn_0,,,26089,33,0,0
t_35387_b_718_tn_0,,,26090,34,0,0
t_35387_b_718_tn_0,,,26091,35,0,0
t_35387_b_718_tn_0,,,26093,36,0,0
t_35387_b_718_tn_0,15:27:00,15:27:00,26099,37,0,0
t_35387_b_718_tn_0,,,26094,38,0,0
t_35387_b_718_tn_0,,,26095,39,0,0
t_35387_b_718_tn_0,,,26096,40,0,0
t_35387_b_718_tn_0,,,26097,41,0,0
t_35387_b_718_tn_0,15:35:00,15:35:00,26098,42,0,0
t_35387_b_718_tn_0,15:38:00,15:38:00,2435001,43,0,0
t_35387_b_718_tn_0,,,2434985,44,0,0
t_35387_b_718_tn_0,,,2434986,45,0,0
t_35387_b_718_tn_0,,,2434987,46,0,0
t_35387_b_718_tn_0,,,2434988,47,0,0
t_35387_b_718_tn_0,,,2434989,48,0,0
t_35387_b_718_tn_0,,,2434990,49,0,0
t_35387_b_718_tn_0,,,2434991,50,0,0
t_35387_b_718_tn_0,,,2434992,51,0,0
t_35387_b_718_tn_0,15:43:00,15:43:00,844532,52,1,0
t_37748_b_718_tn_0,13:55:00,13:55:00,26035,1,0,1
t_37748_b_718_tn_0,,,26036,2,0,0
t_37748_b_718_tn_0,,,26037,3,0,0
t_37748_b_718_tn_0,,,26038,4,0,0
t_37748_b_718_tn_0,,,26039,5,0,0
t_37748_b_718_tn_0,14:03:00,14:03:00,26040,6,0,0
t_37748_b_718_tn_0,,,26062,7,0,0
t_37748_b_718_tn_0,,,26063,8,0,0
t_37748_b_718_tn_0,,,26064,9,0,0
t_37748_b_718_tn_0,,,26066,10,0,0
t_37748_b_718_tn_0,,,26067,11,0,0
t_37748_b_718_tn_0,,,26068,12,0,0
t_37748_b_718_tn_0,,,26069,13,0,0
t_37748_b_718_tn_0,14:11:00,14:11:00,26070,14,0,0
t_37748_b_718_tn_0,,,26071,15,0,0
t_37748_b_718_tn_0,,,26072,16,0,0
t_37748_b_718_tn_0,,,26073,17,0,0
t_37748_b_718_tn_0,,,26074,18,0,0
t_37748_b_718_tn_0,,,26075,19,0,0
t_37748_b_718_tn_0,,,26076,20,0,0
t_37748_b_718_tn_0,,,26077,21,0,0
t_37748_b_718_tn_0,,,26078,22,0,0
t_37748_b_718_tn_0,,,26079,23,0,0
t_37748_b_718_tn_0,,,26080,24,0,0
t_37748_b_718_tn_0,14:22:00,14:22:00,26081,25,0,0
t_37748_b_718_tn_0,,,26082,26,0,0
t_37748_b_718_tn_0,,,26083,27,0,0
t_37748_b_718_tn_0,14:29:00,14:29:00,26084,28,0,0
t_37748_b_718_tn_0,,,26085,29,0,0
t_37748_b_718_tn_0,,,26086,30,0,0
t_37748_b_718_tn_0,,,26087,31,0,0
t_37748_b_718_tn_0,,,26088,32,0,0
t_37748_b_718_tn_0,,,26089,33,0,0
t_37748_b_718_tn_0,,,26090,34,0,0
t_37748_b_718_tn_0,,,26091,35,0,0
t_37748_b_718_tn_0,,,26093,36,0,0
t_37748_b_718_tn_0,14:37:00,14:37:00,26099,37,0,0
t_37748_b_718_tn_0,,,26094,38,0,0
t_37748_b_718_tn_0,,,26095,39,0,0
t_37748_b_718_tn_0,,,26096,40,0,0
t_37748_b_718_tn_0,,,26097,41,0,0
t_37748_b_718_tn_0,14:45:00,14:45:00,26098,42,0,0
t_37748_b_718_tn_0,14:48:00,14:48:00,2435001,43,0,0
t_37748_b_718_tn_0,,,2434985,44,0,0
t_37748_b_718_tn_0,,,2434986,45,0,0
t_37748_b_718_tn_0,,,2434987,46,0,0
t_37748_b_718_tn_0,,,2434988,47,0,0
t_37748_b_718_tn_0,,,2434989,48,0,0
t_37748_b_718_tn_0,,,2434990,49,0,0
t_37748_b_718_tn_0,,,2434991,50,0,0
t_37748_b_718_tn_0,,,2434992,51,0,0
t_37748_b_718_tn_0,14:53:00,14:53:00,844532,52,1,0
t_37948_b_21608_tn_0,06:52:00,06:52:00,26161,1,0,1
t_37948_b_21608_tn_0,06:56:00,06:56:00,26020,2,0,0
t_37948_b_21608_tn_0,,,26162,3,0,0
t_37948_b_21608_tn_0,,,26290,4,0,0
t_37948_b_21608_tn_0,07:00:00,07:00:00,26024,5,0,0
t_37948_b_21608_tn_0,07:01:00,07:01:00,26025,6,0,0
t_37948_b_21608_tn_0,,,26027,7,0,0
t_37948_b_21608_tn_0,,,26292,8,0,0
t_37948_b_21608_tn_0,07:06:00,07:06:00,26163,9,0,0
t_37948_b_21608_tn_0,,,26100,10,0,0
t_37948_b_21608_tn_0,,,26164,11,0,0
t_37948_b_21608_tn_0,07:15:00,07:15:00,26167,12,0,0
t_37948_b_21608_tn_0,07:22:00,07:22:00,26166,13,1,0
t_42050_b_718_tn_0,17:27:00,17:27:00,26051,1,0,1
t_42050_b_718_tn_0,,,26052,2,0,0
t_42050_b_718_tn_0,,,26053,3,0,0
t_42050_b_718_tn_0,,,26054,4,0,0
t_42050_b_718_tn_0,,,26055,5,0,0
t_42050_b_718_tn_0,,,26056,6,0,0
t_42050_b_718_tn_0,17:32:00,17:32:00,26057,7,0,0
t_42050_b_718_tn_0,,,26058,8,0,0
t_42050_b_718_tn_0,,,26059,9,0,0
t_42050_b_718_tn_0,,,26060,10,0,0
t_42050_b_718_tn_0,17:36:00,17:36:00,26163,11,0,0
t_42050_b_718_tn_0,,,26029,12,0,0
t_42050_b_718_tn_0,,,26030,13,0,0
t_42050_b_718_tn_0,,,26031,14,0,0
t_42050_b_718_tn_0,,,26032,15,0,0
t_42050_b_718_tn_0,,,26033,16,0,0
t_42050_b_718_tn_0,,,26034,17,0,0
t_42050_b_718_tn_0,17:41:00,17:41:00,26035,18,1,0
t_44363_b_718_tn_0,09:35:00,09:35:00,26035,1,0,1
t_44363_b_718_tn_0,,,26036,2,0,0
t_44363_b_718_tn_0,,,26037,3,0,0
t_44363_b_718_tn_0,,,26038,4,0,0
t_44363_b_718_tn_0,,,26039,5,0,0
t_44363_b_718_tn_0,09:43:00,09:43:00,26040,6,0,0
t_44363_b_718_tn_0,,,26062,7,0,0
t_44363_b_718_tn_0,,,26063,8,0,0
t_44363_b_718_tn_0,,,26064,9,0,0
t_44363_b_718_tn_0,,,26066,10,0,0
t_44363_b_718_tn_0,,,26067,11,0,0
t_44363_b_718_tn_0,,,26068,12,0,0
t_44363_b_718_tn_0,,,26069,13,0,0
t_44363_b_718_tn_0,09:51:00,09:51:00,26070,14,0,0
t_44363_b_718_tn_0,,,26071,15,0,0
t_44363_b_718_tn_0,,,26072,16,0,0
t_44363_b_718_tn_0,,,26073,17,0,0
t_44363_b_718_tn_0,,,26074,18,0,0
t_44363_b_718_tn_0,,,26075,19,0,0
t_44363_b_718_tn_0,,,26076,20,0,0
t_44363_b_718_tn_0,,,26077,21,0,0
t_44363_b_718_tn_0,,,26078,22,0,0
t_44363_b_718_tn_0,,,26079,23,0,0
t_44363_b_718_tn_0,,,26080,24,0,0
t_44363_b_718_tn_0,10:02:00,10:02:00,26081,25,0,0
t_44363_b_718_tn_0,,,26082,26,0,0
t_44363_b_718_tn_0,,,26083,27,0,0
t_44363_b_718_tn_0,10:09:00,10:09:00,26084,28,0,0
t_44363_b_718_tn_0,,,26085,29,0,0
t_44363_b_718_tn_0,,,26086,30,0,0
t_44363_b_718_tn_0,,,26087,31,0,0
t_44363_b_718_tn_0,,,26088,32,0,0
t_44363_b_718_tn_0,,,26089,33,0,0
t_44363_b_718_tn_0,,,26090,34,0,0
t_44363_b_718_tn_0,,,26091,35,0,0
t_44363_b_718_tn_0,,,26093,36,0,0
t_44363_b_718_tn_0,10:17:00,10:17:00,26099,37,0,0
t_44363_b_718_tn_0,,,26094,38,0,0
t_44363_b_718_tn_0,,,26095,39,0,0
t_44363_b_718_tn_0,,,26096,40,0,0
t_44363_b_718_tn_0,,,26097,41,0,0
t_44363_b_718_tn_0,10:25:00,10:25:00,26098,42,0,0
t_44363_b_718_tn_0,10:28:00,10:28:00,2435001,43,0,0
t_44363_b_718_tn_0,,,2434985,44,0,0
t_44363_b_718_tn_0,,,2434986,45,0,0
t_44363_b_718_tn_0,,,2434987,46,0,0
t_44363_b_718_tn_0,,,2434988,47,0,0
t_44363_b_718_tn_0,,,2434989,48,0,0
t_44363_b_718_tn_0,,,2434990,49,0,0
t_44363_b_718_tn_0,,,2434991,50,0,0
t_44363_b_718_tn_0,,,2434992,51,0,0
t_44363_b_718_tn_0,10:33:00,10:33:00,844532,52,1,0
t_44669_b_21608_tn_0,06:50:00,06:50:00,26161,1,0,1
t_44669_b_21608_tn_0,06:55:00,06:55:00,26020,2,0,0
t_44669_b_21608_tn_0,06:59:00,06:59:00,26173,3,0,0
t_44669_b_21608_tn_0,,,26174,4,0,0
t_44669_b_21608_tn_0,07:03:00,07:03:00,26175,5,0,0
t_44669_b_21608_tn_0,07:05:00,07:05:00,26176,6,0,0
t_44669_b_21608_tn_0,,,26177,7,0,0
t_44669_b_21608_tn_0,07:09:00,07:09:00,26178,8,0,0
t_44669_b_21608_tn_0,,,26179,9,0,0
t_44669_b_21608_tn_0,07:13:00,07:13:00,26180,10,0,0
t_44669_b_21608_tn_0,,,26181,11,0,0
t_44669_b_21608_tn_0,,,26182,12,0,0
t_44669_b_21608_tn_0,07:17:00,07:17:00,26183,13,0,0
t_44669_b_21608_tn_0,,,26184,14,0,0
t_44669_b_21608_tn_0,,,26145,15,0,0
t_44669_b_21608_tn_0,07:21:00,07:21:00,26146,16,1,0
t_46619_b_21608_tn_0,13:12:00,13:12:00,26101,1,0,0
t_46619_b_21608_tn_0,13:15:00,13:15:00,26102,2,0,0
t_46619_b_21608_tn_0,,,26104,3,0,0
t_46619_b_21608_tn_0,13:19:00,13:19:00,26106,4,0,0
t_46619_b_21608_tn_0,,,26107,5,0,0
t_46619_b_21608_tn_0,,,26109,6,0,0
t_46619_b_21608_tn_0,,,26111,7,0,0
t_46619_b_21608_tn_0,,,26114,8,0,0
t_46619_b_21608_tn_0,13:27:00,13:27:00,26115,9,0,0
t_46619_b_21608_tn_0,13:32:00,13:32:00,26119,10,0,0
t_46619_b_21608_tn_0,,,26121,11,0,0
t_46619_b_21608_tn_0,,,26123,12,0,0
t_46619_b_21608_tn_0,,,26125,13,0,0
t_46619_b_21608_tn_0,13:38:00,13:38:00,26127,14,0,0
t_46619_b_21608_tn_0,13:44:00,13:44:00,26128,15,0,0
t_46619_b_21608_tn_0,13:48:00,13:48:00,26141,16,0,0
t_46619_b_21608_tn_0,13:49:00,13:49:00,26099,17,1,0
t_47877_b_21608_tn_0,13:21:00,13:21:00,26141,1,0,0
t_47877_b_21608_tn_0,,,26152,2,0,0
t_47877_b_21608_tn_0,13:27:00,13:27:00,26154,3,0,0
t_47877_b_21608_tn_0,,,26156,4,0,0
t_47877_b_21608_tn_0,13:31:00,13:31:00,26158,5,0,0
t_47877_b_21608_tn_0,,,26204,6,0,0
t_47877_b_21608_tn_0,,,26002,7,0,0
t_47877_b_21608_tn_0,13:39:00,13:39:00,26003,8,0,0
t_47877_b_21608_tn_0,13:41:00,13:41:00,26004,9,0,0
t_47877_b_21608_tn_0,,,26207,10,0,0
t_47877_b_21608_tn_0,13:45:00,13:45:00,26208,11,0,0
t_47877_b_21608_tn_0,,,26209,12,0,0
t_47877_b_21608_tn_0,13:47:00,13:47:00,26210,13,0,0
t_47877_b_21608_tn_0,13:48:00,13:48:00,26211,14,0,0
t_47877_b_21608_tn_0,13:50:00,13:50:00,26212,15,0,0
t_47877_b_21608_tn_0,13:54:00,13:54:00,26161,16,1,0
t_49827_b_21608_tn_0,12:35:00,12:35:00,26244,1,0,1
t_49827_b_21608_tn_0,12:40:00,12:40:00,26161,2,0,0
t_49827_b_21608_tn_0,12:45:00,12:45:00,26020,3,0,0
t_49827_b_21608_tn_0,12:49:00,12:49:00,26173,4,0,0
t_49827_b_21608_tn_0,,,26174,5,0,0
t_49827_b_21608_tn_0,12:53:00,12:53:00,26175,6,0,0
t_49827_b_21608_tn_0,12:55:00,12:55:00,26176,7,0,0
t_49827_b_21608_tn_0,,,26177,8,0,0
t_49827_b_21608_tn_0,12:59:00,12:59:00,26178,9,0,0
t_49827_b_21608_tn_0,,,26179,10,0,0
t_49827_b_21608_tn_0,13:03:00,13:03:00,26180,11,0,0
t_49827_b_21608_tn_0,,,26181,12,0,0
t_49827_b_21608_tn_0,,,26182,13,0,0
t_49827_b_21608_tn_0,13:07:00,13:07:00,26183,14,0,0
t_49827_b_21608_tn_0,,,26184,15,0,0
t_49827_b_21608_tn_0,,,26145,16,0,0
t_49827_b_21608_tn_0,13:11:00,13:11:00,26146,17,1,0
t_50732_b_718_tn_0,11:40:00,11:40:00,844531,1,0,1
t_50732_b_718_tn_0,,,2434993,2,0,0
t_50732_b_718_tn_0,,,2434994,3,0,0
t_50732_b_718_tn_0,,,2434995,4,0,0
t_50732_b_718_tn_0,,,2434996,5,0,0
t_50732_b_718_tn_0,,,2434997,6,0,0
t_50732_b_718_tn_0,,,2434998,7,0,0
t_50732_b_718_tn_0,,,2434999,8,0,0
t_50732_b_718_tn_0,,,2435000,9,0,0
t_50732_b_718_tn_0,11:45:00,11:45:00,25988,10,0,0
t_50732_b_718_tn_0,,,25989,11,0,0
t_50732_b_718_tn_0,,,25990,12,0,0
t_50732_b_718_tn_0,11:50:00,11:50:00,25991,13,0,0
t_50732_b_718_tn_0,,,25992,14,0,0
t_50732_b_718_tn_0,,,25993,15,0,0
t_50732_b_718_tn_0,,,25994,16,0,0
t_50732_b_718_tn_0,,,25995,17,0,0
t_50732_b_718_tn_0,11:57:00,11:57:00,26099,18,0,0
t_50732_b_718_tn_0,,,25996,19,0,0
t_50732_b_718_tn_0,,,25998,20,0,0
t_50732_b_718_tn_0,,,25999,21,0,0
t_50732_b_718_tn_0,,,26000,22,0,0
t_50732_b_718_tn_0,,,26001,23,0,0
t_50732_b_718_tn_0,,,26002,24,0,0
t_50732_b_718_tn_0,,,26003,25,0,0
t_50732_b_718_tn_0,,,26004,26,0,0
t_50732_b_718_tn_0,12:06:00,12:06:00,26005,27,0,0
t_50732_b_718_tn_0,,,26006,28,0,0
t_50732_b_718_tn_0,,,26007,29,0,0
t_50732_b_718_tn_0,12:12:00,12:12:00,26008,30,0,0
t_50732_b_718_tn_0,,,26009,31,0,0
t_50732_b_718_tn_0,,,26010,32,0,0
t_50732_b_718_tn_0,,,26011,33,0,0
t_50732_b_718_tn_0,,,26012,34,0,0
t_50732_b_718_tn_0,,,26013,35,0,0
t_50732_b_718_tn_0,,,26014,36,0,0
t_50732_b_718_tn_0,,,26015,37,0,0
t_50732_b_718_tn_0,,,26016,38,0,0
t_50732_b_718_tn_0,,,26017,39,0,0
t_50732_b_718_tn_0,,,26018,40,0,0
t_50732_b_718_tn_0,12:23:00,12:23:00,26019,41,0,0
t_50732_b_718_tn_0,,,26020,42,0,0
t_50732_b_718_tn_0,,,26021,43,0,0
t_50732_b_718_tn_0,,,26022,44,0,0
t_50732_b_718_tn_0,,,26023,45,0,0
t_50732_b_718_tn_0,,,26024,46,0,0
t_50732_b_718_tn_0,,,26025,47,0,0
t_50732_b_718_tn_0,,,26026,48,0,0
t_50732_b_718_tn_0,,,26027,49,0,0
t_50732_b_718_tn_0,,,26292,50,0,0
t_50732_b_718_tn_0,12:32:00,12:32:00,26040,51,0,0
t_50732_b_718_tn_0,,,26029,52,0,0
t_50732_b_718_tn_0,,,26030,53,0,0
t_50732_b_718_tn_0,,,26031,54,0,0
t_50732_b_718_tn_0,,,26032,55,0,0
t_50732_b_718_tn_0,,,26033,56,0,0
t_50732_b_718_tn_0,,,26034,57,0,0
t_50732_b_718_tn_0,12:40:00,12:40:00,26035,58,1,0
t_51462_b_718_tn_0,10:40:00,10:40:00,844531,1,0,1
t_51462_b_718_tn_0,,,2434993,2,0,0
t_51462_b_718_tn_0,,,2434994,3,0,0
t_51462_b_718_tn_0,,,2434995,4,0,0
t_51462_b_718_tn_0,,,2434996,5,0,0
t_51462_b_718_tn_0,,,2434997,6,0,0
t_51462_b_718_tn_0,,,2434998,7,0,0
t_51462_b_718_tn_0,,,2434999,8,0,0
t_51462_b_718_tn_0,,,2435000,9,0,0
t_51462_b_718_tn_0,10:45:00,10:45:00,25988,10,0,0
t_51462_b_718_tn_0,,,25989,11,0,0
t_51462_b_718_tn_0,,,25990,12,0,0
t_51462_b_718_tn_0,10:50:00,10:50:00,25991,13,0,0
t_51462_b_718_tn_0,,,25992,14,0,0
t_51462_b_718_tn_0,,,25993,15,0,0
t_51462_b_718_tn_0,,,25994,16,0,0
t_51462_b_718_tn_0,,,25995,17,0,0
t_51462_b_718_tn_0,10:57:00,10:57:00,26099,18,0,0
t_51462_b_718_tn_0,,,25996,19,0,0
t_51462_b_718_tn_0,,,25998,20,0,0
t_51462_b_718_tn_0,,,25999,21,0,0
t_51462_b_718_tn_0,,,26000,22,0,0
t_51462_b_718_tn_0,,,26001,23,0,0
t_51462_b_718_tn_0,,,26002,24,0,0
t_51462_b_718_tn_0,,,26003,25,0,0
t_51462_b_718_tn_0,,,26004,26,0,0
t_51462_b_718_tn_0,11:06:00,11:06:00,26005,27,0,0
t_51462_b_718_tn_0,,,26006,28,0,0
t_51462_b_718_tn_0,,,26007,29,0,0
t_51462_b_718_tn_0,11:12:00,11:12:00,26008,30,0,0
t_51462_b_718_tn_0,,,26009,31,0,0
t_51462_b_718_tn_0,,,26010,32,0,0
t_51462_b_718_tn_0,,,26011,33,0,0
t_51462_b_718_tn_0,,,26012,34,0,0
t_51462_b_718_tn_0,,,26013,35,0,0
t_51462_b_718_tn_0,,,26014,36,0,0
t_51462_b_718_tn_0,,,26015,37,0,0
t_51462_b_718_tn_0,,,26016,38,0,0
t_51462_b_718_tn_0,,,26017,39,0,0
t_51462_b_718_tn_0,,,26018,40,0,0
t_51462_b_718_tn_0,11:23:00,11:23:00,26019,41,0,0
t_51462_b_718_tn_0,,,26020,42,0,0
t_51462_b_718_tn_0,,,26021,43,0,0
t_51462_b_718_tn_0,,,26022,44,0,0
t_51462_b_718_tn_0,,,26023,45,0,0
t_51462_b_718_tn_0,,,26024,46,0,0
t_51462_b_718_tn_0,,,26025,47,0,0
t_51462_b_718_tn_0,,,26026,48,0,0
t_51462_b_718_tn_0,,,26027,49,0,0
t_51462_b_718_tn_0,,,26292,50,0,0
t_51462_b_718_tn_0,11:32:00,11:32:00,26040,51,0,0
t_51462_b_718_tn_0,,,26029,52,0,0
t_51462_b_718_tn_0,,,26030,53,0,0
t_51462_b_718_tn_0,,,26031,54,0,0
t_51462_b_718_tn_0,,,26032,55,0,0
t_51462_b_718_tn_0,,,26033,56,0,0
t_51462_b_718_tn_0,,,26034,57,0,0
t_51462_b_718_tn_0,11:40:00,11:40:00,26035,58,1,0
t_5214_b_21608_tn_0,07:22:00,07:22:00,26166,1,0,0
t_5214_b_21608_tn_0,07:27:00,07:27:00,26145,2,0,0
t_5214_b_21608_tn_0,,,26146,3,0,0
t_5214_b_21608_tn_0,,,26169,4,0,0
t_5214_b_21608_tn_0,,,26060,5,0,0
t_5214_b_21608_tn_0,07:36:00,07:36:00,26163,6,0,0
t_5214_b_21608_tn_0,,,26028,7,0,0
t_5214_b_21608_tn_0,,,26063,8,0,0
t_5214_b_21608_tn_0,07:41:00,07:41:00,26065,9,0,0
t_5214_b_21608_tn_0,,,26291,10,0,0
t_5214_b_21608_tn_0,,,26171,11,0,0
t_5214_b_21608_tn_0,07:49:00,07:49:00,26069,12,0,0
t_5214_b_21608_tn_0,,,26172,13,0,0
t_5214_b_21608_tn_0,,,766446,14,0,0
t_5214_b_21608_tn_0,07:53:00,07:53:00,26161,15,0,0
t_5214_b_21608_tn_0,08:00:00,08:00:00,26244,16,1,0
t_5215_b_21608_tn_0,06:38:00,06:38:00,26161,1,0,1
t_5215_b_21608_tn_0,06:40:00,06:40:00,26008,2,0,0
t_5215_b_21608_tn_0,06:42:00,06:42:00,26009,3,0,0
t_5215_b_21608_tn_0,06:44:00,06:44:00,26010,4,0,0
t_5215_b_21608_tn_0,06:45:00,06:45:00,26243,5,0,0
t_5215_b_21608_tn_0,,,26014,6,0,0
t_5215_b_21608_tn_0,,,26015,7,0,0
t_5215_b_21608_tn_0,,,26016,8,0,0
t_5215_b_21608_tn_0,,,26215,9,0,0
t_5215_b_21608_tn_0,06:53:00,06:53:00,26216,10,0,0
t_5215_b_21608_tn_0,,,26217,11,0,0
t_5215_b_21608_tn_0,,,26218,12,0,0
t_5215_b_21608_tn_0,06:58:00,06:58:00,26252,13,0,0
t_5215_b_21608_tn_0,07:00:00,07:00:00,26220,14,0,0
t_5215_b_21608_tn_0,,,26221,15,0,0
t_5215_b_21608_tn_0,,,26222,16,0,0
t_5215_b_21608_tn_0,07:04:00,07:04:00,26256,17,0,0
t_5215_b_21608_tn_0,,,26224,18,0,0
t_5215_b_21608_tn_0,,,26258,19,0,0
t_5215_b_21608_tn_0,,,26226,20,0,0
t_5215_b_21608_tn_0,,,26227,21,0,0
t_5215_b_21608_tn_0,,,26261,22,0,0
t_5215_b_21608_tn_0,,,26229,23,0,0
t_5215_b_21608_tn_0,07:10:00,07:10:00,26101,24,0,0
t_5215_b_21608_tn_0,,,26052,25,0,0
t_5215_b_21608_tn_0,,,26053,26,0,0
t_5215_b_21608_tn_0,,,26054,27,0,0
t_5215_b_21608_tn_0,,,26055,28,0,0
t_5215_b_21608_tn_0,,,26145,29,0,0
t_5215_b_21608_tn_0,,,26262,30,0,0
t_5215_b_21608_tn_0,07:20:00,07:20:00,26167,31,0,0
t_5215_b_21608_tn_0,07:25:00,07:25:00,26166,32,1,0
t_5218_b_718_tn_0,06:00:00,06:00:00,844531,1,0,1
t_5218_b_718_tn_0,,,2434993,2,0,0
t_5218_b_718_tn_0,,,2434994,3,0,0
t_5218_b_718_tn_0,,,2434995,4,0,0
t_5218_b_718_tn_0,,,2434996,5,0,0
t_5218_b_718_tn_0,,,2434997,6,0,0
t_5218_b_718_tn_0,,,2434998,7,0,0
t_5218_b_718_tn_0,,,2434999,8,0,0
t_5218_b_718_tn_0,,,2435000,9,0,0
t_5218_b_718_tn_0,06:05:00,06:05:00,25988,10,0,0
t_5218_b_718_tn_0,,,25989,11,0,0
t_5218_b_718_tn_0,,,25990,12,0,0
t_5218_b_718_tn_0,06:08:00,06:08:00,25991,13,0,0
t_5218_b_718_tn_0,,,25992,14,0,0
t_5218_b_718_tn_0,,,25993,15,0,0
t_5218_b_718_tn_0,,,25994,16,0,0
t_5218_b_718_tn_0,,,25995,17,0,0
t_5218_b_718_tn_0,06:15:00,06:15:00,26099,18,0,0
t_5218_b_718_tn_0,,,25996,19,0,0
t_5218_b_718_tn_0,,,25998,20,0,0
t_5218_b_718_tn_0,,,25999,21,0,0
t_5218_b_718_tn_0,,,26000,22,0,0
t_5218_b_718_tn_0,,,26001,23,0,0
t_5218_b_718_tn_0,,,26002,24,0,0
t_5218_b_718_tn_0,,,26003,25,0,0
t_5218_b_718_tn_0,,,26004,26,0,0
t_5218_b_718_tn_0,06:22:00,06:22:00,26005,27,0,0
t_5218_b_718_tn_0,,,26006,28,0,0
t_5218_b_718_tn_0,,,26007,29,0,0
t_5218_b_718_tn_0,06:27:00,06:27:00,26008,30,0,0
t_5218_b_718_tn_0,,,26009,31,0,0
t_5218_b_718_tn_0,,,26010,32,0,0
t_5218_b_718_tn_0,,,26011,33,0,0
t_5218_b_718_tn_0,,,26012,34,0,0
t_5218_b_718_tn_0,,,26013,35,0,0
t_5218_b_718_tn_0,,,26014,36,0,0
t_5218_b_718_tn_0,,,26015,37,0,0
t_5218_b_718_tn_0,,,26016,38,0,0
t_5218_b_718_tn_0,,,26017,39,0,0
t_5218_b_718_tn_0,,,26018,40,0,0
t_5218_b_718_tn_0,06:37:00,06:37:00,26019,41,0,0
t_5218_b_718_tn_0,,,26020,42,0,0
t_5218_b_718_tn_0,,,26021,43,0,0
t_5218_b_718_tn_0,,,26022,44,0,0
t_5218_b_718_tn_0,,,26023,45,0,0
t_5218_b_718_tn_0,,,26024,46,0,0
t_5218_b_718_tn_0,,,26025,47,0,0
t_5218_b_718_tn_0,,,26026,48,0,0
t_5218_b_718_tn_0,,,26027,49,0,0
t_5218_b_718_tn_0,,,26292,50,0,0
t_5218_b_718_tn_0,06:46:00,06:46:00,26040,51,0,0
t_5218_b_718_tn_0,,,26029,52,0,0
t_5218_b_718_tn_0,,,26030,53,0,0
t_5218_b_718_tn_0,,,26031,54,0,0
t_5218_b_718_tn_0,,,26032,55,0,0
t_5218_b_718_tn_0,,,26033,56,0,0
t_5218_b_718_tn_0,,,26034,57,0,0
t_5218_b_718_tn_0,06:54:00,06:54:00,26035,58,1,0
t_5224_b_21608_tn_0,07:25:00,07:25:00,26101,1,0,1
t_5224_b_21608_tn_0,,,26049,2,0,0
t_5224_b_21608_tn_0,07:28:00,07:28:00,26102,3,0,0
t_5224_b_21608_tn_0,,,26231,4,0,0
t_5224_b_21608_tn_0,,,26232,5,0,0
t_5224_b_21608_tn_0,,,26265,6,0,0
t_5224_b_21608_tn_0,07:33:00,07:33:00,26266,7,0,0
t_5224_b_21608_tn_0,,,26267,8,0,0
t_5224_b_21608_tn_0,07:43:00,07:43:00,26268,9,0,0
t_5224_b_21608_tn_0,,,26236,10,0,0
t_5224_b_21608_tn_0,,,26237,11,0,0
t_5224_b_21608_tn_0,07:46:00,07:46:00,26238,12,0,0
t_5224_b_21608_tn_0,07:48:00,07:48:00,26272,13,0,0
t_5224_b_21608_tn_0,,,26273,14,0,0
t_5224_b_21608_tn_0,07:53:00,07:53:00,26241,15,0,0
t_5224_b_21608_tn_0,,,26248,16,0,0
t_5224_b_21608_tn_0,,,26242,17,0,0
t_5224_b_21608_tn_0,,,26073,18,0,0
t_5224_b_21608_tn_0,,,26074,19,0,0
t_5224_b_21608_tn_0,07:59:00,07:59:00,27813,20,0,0
t_5224_b_21608_tn_0,08:02:00,08:02:00,26079,21,0,0
t_5224_b_21608_tn_0,,,26080,22,0,0
t_5224_b_21608_tn_0,08:05:00,08:05:00,26081,23,0,0
t_5224_b_21608_tn_0,08:06:00,08:06:00,26161,24,1,0
t_5247_b_21608_tn_0,07:17:00,07:17:00,26101,1,0,0
t_5247_b_21608_tn_0,07:20:00,07:20:00,26102,2,0,0
t_5247_b_21608_tn_0,,,26104,3,0,0
t_5247_b_21608_tn_0,07:24:00,07:24:00,26106,4,0,0
t_5247_b_21608_tn_0,,,26107,5,0,0
t_5247_b_21608_tn_0,,,26109,6,0,0
t_5247_b_21608_tn_0,,,26111,7,0,0
t_5247_b_21608_tn_0,,,26114,8,0,0
t_5247_b_21608_tn_0,07:32:00,07:32:00,26115,9,0,0
t_5247_b_21608_tn_0,07:37:00,07:37:00,26119,10,0,0
t_5247_b_21608_tn_0,,,26121,11,0,0
t_5247_b_21608_tn_0,,,26123,12,0,0
t_5247_b_21608_tn_0,,,26125,13,0,0
t_5247_b_21608_tn_0,07:43:00,07:43:00,26127,14,0,0
t_5247_b_21608_tn_0,07:49:00,07:49:00,26128,15,0,0
t_5247_b_21608_tn_0,07:53:00,07:53:00,26141,16,0,0
t_5247_b_21608_tn_0,07:54:00,07:54:00,26099,17,1,0
t_5252_b_21609_tn_0,12:35:00,12:35:00,26099,1,0,1
t_5252_b_21609_tn_0,12:38:00,12:38:00,25997,2,0,0
t_5252_b_21609_tn_0,12:39:00,12:39:00,25998,3,0,0
t_5252_b_21609_tn_0,12:40:00,12:40:00,25999,4,0,0
t_5252_b_21609_tn_0,12:43:00,12:43:00,26000,5,0,0
t_5252_b_21609_tn_0,12:47:00,12:47:00,26131,6,0,0
t_5252_b_21609_tn_0,12:49:00,12:49:00,26194,7,0,0
t_5252_b_21609_tn_0,12:50:00,12:50:00,26132,8,0,0
t_5252_b_21609_tn_0,,,26133,9,0,0
t_5252_b_21609_tn_0,12:51:00,12:51:00,26134,10,0,0
t_5252_b_21609_tn_0,12:52:00,12:52:00,26135,11,0,0
t_5252_b_21609_tn_0,,,26136,12,0,0
t_5252_b_21609_tn_0,12:53:00,12:53:00,26137,13,0,0
t_5252_b_21609_tn_0,,,26138,14,0,0
t_5252_b_21609_tn_0,12:59:00,12:59:00,25995,15,0,0
t_5252_b_21609_tn_0,13:02:00,13:02:00,26099,16,1,0
t_5259_b_21608_tn_0,06:40:00,06:40:00,26099,1,0,1
t_5259_b_21608_tn_0,06:41:00,06:41:00,26141,2,0,0
t_5259_b_21608_tn_0,06:45:00,06:45:00,26128,3,0,0
t_5259_b_21608_tn_0,06:51:00,06:51:00,26127,4,0,0
t_5259_b_21608_tn_0,06:57:00,06:57:00,26287,5,0,0
t_5259_b_21608_tn_0,,,26124,6,0,0
t_5259_b_21608_tn_0,,,26286,7,0,0
t_5259_b_21608_tn_0,,,26120,8,0,0
t_5259_b_21608_tn_0,07:02:00,07:02:00,26116,9,0,0
t_5259_b_21608_tn_0,,,26113,10,0,0
t_5259_b_21608_tn_0,,,26112,11,0,0
t_5259_b_21608_tn_0,,,26110,12,0,0
t_5259_b_21608_tn_0,,,26108,13,0,0
t_5259_b_21608_tn_0,07:10:00,07:10:00,26106,14,0,0
t_5259_b_21608_tn_0,,,26103,15,0,0
t_5259_b_21608_tn_0,07:14:00,07:14:00,26102,16,0,0
t_5259_b_21608_tn_0,07:17:00,07:17:00,26101,17,1,0
t_5261_b_21609_tn_0,07:20:00,07:20:00,26131,1,0,1
t_5261_b_21609_tn_0,07:22:00,07:22:00,26194,2,0,0
t_5261_b_21609_tn_0,07:23:00,07:23:00,26132,3,0,0
t_5261_b_21609_tn_0,,,26133,4,0,0
t_5261_b_21609_tn_0,07:24:00,07:24:00,26134,5,0,0
t_5261_b_21609_tn_0,07:25:00,07:25:00,26135,6,0,0
t_5261_b_21609_tn_0,,,26136,7,0,0
t_5261_b_21609_tn_0,07:26:00,07:26:00,26137,8,0,0
t_5261_b_21609_tn_0,,,26138,9,0,0
t_5261_b_21609_tn_0,07:32:00,07:32:00,25995,10,0,0
t_5261_b_21609_tn_0,07:35:00,07:35:00,26099,11,1,0
t_5265_b_21608_tn_0,06:12:00,06:12:00,26199,1,0,1
t_5265_b_21608_tn_0,,,26200,2,0,0
t_5265_b_21608_tn_0,06:20:00,06:20:00,26202,3,0,0
t_5265_b_21608_tn_0,,,26203,4,0,0
t_5265_b_21608_tn_0,,,26205,5,0,0
t_5265_b_21608_tn_0,,,26206,6,0,0
t_5265_b_21608_tn_0,06:25:00,06:25:00,26087,7,0,0
t_5265_b_21608_tn_0,,,26088,8,0,0
t_5265_b_21608_tn_0,06:28:00,06:28:00,26089,9,0,0
t_5265_b_21608_tn_0,,,26091,10,0,0
t_5265_b_21608_tn_0,06:36:00,06:36:00,26099,11,0,0
t_5265_b_21608_tn_0,06:37:00,06:37:00,26141,12,1,0
t_5301_b_718_tn_0,07:00:00,07:00:00,26035,1,0,0
t_5301_b_718_tn_0,,,26036,2,0,0
t_5301_b_718_tn_0,,,26037,3,0,0
t_5301_b_718_tn_0,,,26038,4,0,0
t_5301_b_718_tn_0,,,26039,5,0,0
t_5301_b_718_tn_0,07:05:00,07:05:00,26040,6,0,0
t_5301_b_718_tn_0,,,26041,7,0,0
t_5301_b_718_tn_0,,,26042,8,0,0
t_5301_b_718_tn_0,07:10:00,07:10:00,26043,9,0,0
t_5301_b_718_tn_0,,,26044,10,0,0
t_5301_b_718_tn_0,,,26045,11,0,0
t_5301_b_718_tn_0,,,26047,12,0,0
t_5301_b_718_tn_0,,,26048,13,0,0
t_5301_b_718_tn_0,,,26049,14,0,0
t_5301_b_718_tn_0,07:14:00,07:14:00,26050,15,1,0
t_5302_b_718_tn_0,07:55:00,07:55:00,26035,1,0,0
t_5302_b_718_tn_0,,,26036,2,0,0
t_5302_b_718_tn_0,,,26037,3,0,0
t_5302_b_718_tn_0,,,26038,4,0,0
t_5302_b_718_tn_0,,,26039,5,0,0
t_5302_b_718_tn_0,08:00:00,08:00:00,26040,6,0,0
t_5302_b_718_tn_0,,,26041,7,0,0
t_5302_b_718_tn_0,,,26042,8,0,0
t_5302_b_718_tn_0,08:05:00,08:05:00,26043,9,0,0
t_5302_b_718_tn_0,,,26044,10,0,0
t_5302_b_718_tn_0,,,26045,11,0,0
t_5302_b_718_tn_0,,,26047,12,0,0
t_5302_b_718_tn_0,,,26048,13,0,0
t_5302_b_718_tn_0,,,26049,14,0,0
t_5302_b_718_tn_0,08:09:00,08:09:00,26050,15,1,0
t_5303_b_718_tn_0,08:45:00,08:45:00,26035,1,0,0
t_5303_b_718_tn_0,,,26036,2,0,0
t_5303_b_718_tn_0,,,26037,3,0,0
t_5303_b_718_tn_0,,,26038,4,0,0
t_5303_b_718_tn_0,,,26039,5,0,0
t_5303_b_718_tn_0,08:50:00,08:50:00,26040,6,0,0
t_5303_b_718_tn_0,,,26041,7,0,0
t_5303_b_718_tn_0,,,26042,8,0,0
t_5303_b_718_tn_0,08:55:00,08:55:00,26043,9,0,0
t_5303_b_718_tn_0,,,26044,10,0,0
t_5303_b_718_tn_0,,,26045,11,0,0
t_5303_b_718_tn_0,,,26047,12,0,0
t_5303_b_718_tn_0,,,26048,13,0,0
t_5303_b_718_tn_0,,,26049,14,0,0
t_5303_b_718_tn_0,08:59:00,08:59:00,26050,15,1,0
t_5307_b_21608_tn_0,08:05:00,08:05:00,26141,1,0,0
t_5307_b_21608_tn_0,,,26152,2,0,0
t_5307_b_21608_tn_0,08:11:00,08:11:00,26154,3,0,0
t_5307_b_21608_tn_0,,,26156,4,0,0
t_5307_b_21608_tn_0,08:15:00,08:15:00,26158,5,0,0
t_5307_b_21608_tn_0,,,26204,6,0,0
t_5307_b_21608_tn_0,,,26002,7,0,0
t_5307_b_21608_tn_0,08:23:00,08:23:00,26003,8,0,0
t_5307_b_21608_tn_0,08:25:00,08:25:00,26004,9,0,0
t_5307_b_21608_tn_0,,,26207,10,0,0
t_5307_b_21608_tn_0,08:29:00,08:29:00,26208,11,0,0
t_5307_b_21608_tn_0,,,26209,12,0,0
t_5307_b_21608_tn_0,08:31:00,08:31:00,26210,13,0,0
t_5307_b_21608_tn_0,08:32:00,08:32:00,26211,14,0,0
t_5307_b_21608_tn_0,08:34:00,08:34:00,26212,15,0,0
t_5307_b_21608_tn_0,08:38:00,08:38:00,26161,16,1,0
t_5312_b_21608_tn_0,07:21:00,07:21:00,26146,1,0,0
t_5312_b_21608_tn_0,,,26167,2,0,0
t_5312_b_21608_tn_0,,,26185,3,0,0
t_5312_b_21608_tn_0,07:29:00,07:29:00,26166,4,0,0
t_5312_b_21608_tn_0,,,26186,5,0,0
t_5312_b_21608_tn_0,,,26187,6,0,0
t_5312_b_21608_tn_0,07:35:00,07:35:00,766442,7,0,0
t_5312_b_21608_tn_0,,,26191,8,0,0
t_5312_b_21608_tn_0,07:43:00,07:43:00,26192,9,0,0
t_5312_b_21608_tn_0,07:45:00,07:45:00,26175,10,0,0
t_5312_b_21608_tn_0,,,26282,11,0,0
t_5312_b_21608_tn_0,07:49:00,07:49:00,26193,12,0,0
t_5312_b_21608_tn_0,07:52:00,07:52:00,26069,13,0,0
t_5312_b_21608_tn_0,,,26172,14,0,0
t_5312_b_21608_tn_0,,,26082,15,0,0
t_5312_b_21608_tn_0,07:56:00,07:56:00,26161,16,0,0
t_5312_b_21608_tn_0,08:03:00,08:03:00,26244,17,1,0
t_5314_b_21608_tn_0,12:35:00,12:35:00,26166,1,0,1
t_5314_b_21608_tn_0,12:41:00,12:41:00,26101,2,0,0
t_5314_b_21608_tn_0,,,26049,3,0,0
t_5314_b_21608_tn_0,12:44:00,12:44:00,26102,4,0,0
t_5314_b_21608_tn_0,,,26231,5,0,0
t_5314_b_21608_tn_0,,,26232,6,0,0
t_5314_b_21608_tn_0,,,26265,7,0,0
t_5314_b_21608_tn_0,12:49:00,12:49:00,26266,8,0,0
t_5314_b_21608_tn_0,,,26267,9,0,0
t_5314_b_21608_tn_0,12:59:00,12:59:00,26268,10,0,0
t_5314_b_21608_tn_0,,,26236,11,0,0
t_5314_b_21608_tn_0,,,26237,12,0,0
t_5314_b_21608_tn_0,13:02:00,13:02:00,26238,13,0,0
t_5314_b_21608_tn_0,13:04:00,13:04:00,26272,14,0,0
t_5314_b_21608_tn_0,,,26273,15,0,0
t_5314_b_21608_tn_0,13:09:00,13:09:00,26241,16,0,0
t_5314_b_21608_tn_0,,,26248,17,0,0
t_5314_b_21608_tn_0,,,26242,18,0,0
t_5314_b_21608_tn_0,,,26073,19,0,0
t_5314_b_21608_tn_0,,,26074,20,0,0
t_5314_b_21608_tn_0,13:15:00,13:15:00,27813,21,0,0
t_5314_b_21608_tn_0,13:18:00,13:18:00,26079,22,0,0
t_5314_b_21608_tn_0,,,26080,23,0,0
t_5314_b_21608_tn_0,13:21:00,13:21:00,26081,24,0,0
t_5314_b_21608_tn_0,13:22:00,13:22:00,26161,25,1,0
t_53278_b_718_tn_0,09:35:00,09:35:00,844531,1,0,0
t_53278_b_718_tn_0,,,2434993,2,0,0
t_53278_b_718_tn_0,,,2434994,3,0,0
t_53278_b_718_tn_0,,,2434995,4,0,0
t_53278_b_718_tn_0,,,2434996,5,0,0
t_53278_b_718_tn_0,,,2434997,6,0,0
t_53278_b_718_tn_0,,,2434998,7,0,0
t_53278_b_718_tn_0,,,2434999,8,0,0
t_53278_b_718_tn_0,,,2435000,9,0,0
t_53278_b_718_tn_0,,,25988,10,0,0
t_53278_b_718_tn_0,,,25989,11,0,0
t_53278_b_718_tn_0,,,25990,12,0,0
t_53278_b_718_tn_0,09:40:00,09:40:00,25991,13,0,0
t_53278_b_718_tn_0,,,25992,14,0,0
t_53278_b_718_tn_0,,,25993,15,0,0
t_53278_b_718_tn_0,,,25994,16,0,0
t_53278_b_718_tn_0,,,25995,17,0,0
t_53278_b_718_tn_0,09:47:00,09:47:00,26099,18,0,0
t_53278_b_718_tn_0,,,25996,19,0,0
t_53278_b_718_tn_0,,,25998,20,0,0
t_53278_b_718_tn_0,,,25999,21,0,0
t_53278_b_718_tn_0,,,26000,22,0,0
t_53278_b_718_tn_0,,,26001,23,0,0
t_53278_b_718_tn_0,,,26002,24,0,0
t_53278_b_718_tn_0,,,26003,25,0,0
t_53278_b_718_tn_0,,,26004,26,0,0
t_53278_b_718_tn_0,09:56:00,09:56:00,26005,27,0,0
t_53278_b_718_tn_0,,,26006,28,0,0
t_53278_b_718_tn_0,,,26007,29,0,0
t_53278_b_718_tn_0,10:02:00,10:02:00,26008,30,0,0
t_53278_b_718_tn_0,,,26009,31,0,0
t_53278_b_718_tn_0,,,26010,32,0,0
t_53278_b_718_tn_0,,,26011,33,0,0
t_53278_b_718_tn_0,,,26012,34,0,0
t_53278_b_718_tn_0,,,26013,35,0,0
t_53278_b_718_tn_0,,,26014,36,0,0
t_53278_b_718_tn_0,,,26015,37,0,0
t_53278_b_718_tn_0,,,26016,38,0,0
t_53278_b_718_tn_0,,,26017,39,0,0
t_53278_b_718_tn_0,,,26018,40,0,0
t_53278_b_718_tn_0,10:13:00,10:13:00,26019,41,0,0
t_53278_b_718_tn_0,,,26020,42,0,0
t_53278_b_718_tn_0,,,26021,43,0,0
t_53278_b_718_tn_0,,,26022,44,0,0
t_53278_b_718_tn_0,,,26023,45,0,0
t_53278_b_718_tn_0,,,26024,46,0,0
t_53278_b_718_tn_0,,,26025,47,0,0
t_53278_b_718_tn_0,,,26026,48,0,0
t_53278_b_718_tn_0,,,26027,49,0,0
t_53278_b_718_tn_0,,,26292,50,0,0
t_53278_b_718_tn_0,10:22:00,10:22:00,26040,51,0,0
t_53278_b_718_tn_0,,,26029,52,0,0
t_53278_b_718_tn_0,,,26030,53,0,0
t_53278_b_718_tn_0,,,26031,54,0,0
t_53278_b_718_tn_0,,,26032,55,0,0
t_53278_b_718_tn_0,,,26033,56,0,0
t_53278_b_718_tn_0,,,26034,57,0,0
t_53278_b_718_tn_0,10:30:00,10:30:00,26035,58,1,0
t_5329_b_718_tn_0,06:40:00,06:40:00,844531,1,0,1
t_5329_b_718_tn_0,,,2434993,2,0,0
t_5329_b_718_tn_0,,,2434994,3,0,0
t_5329_b_718_tn_0,,,2434995,4,0,0
t_5329_b_718_tn_0,,,2434996,5,0,0
t_5329_b_718_tn_0,,,2434997,6,0,0
t_5329_b_718_tn_0,,,2434998,7,0,0
t_5329_b_718_tn_0,,,2434999,8,0,0
t_5329_b_718_tn_0,,,2435000,9,0,0
t_5329_b_718_tn_0,06:45:00,06:45:00,25988,10,0,0
t_5329_b_718_tn_0,,,25989,11,0,0
t_5329_b_718_tn_0,,,25990,12,0,0
t_5329_b_718_tn_0,06:50:00,06:50:00,25991,13,0,0
t_5329_b_718_tn_0,,,25992,14,0,0
t_5329_b_718_tn_0,,,25993,15,0,0
t_5329_b_718_tn_0,,,25994,16,0,0
t_5329_b_718_tn_0,,,25995,17,0,0
t_5329_b_718_tn_0,06:57:00,06:57:00,26099,18,0,0
t_5329_b_718_tn_0,,,25996,19,0,0
t_5329_b_718_tn_0,,,25998,20,0,0
t_5329_b_718_tn_0,,,25999,21,0,0
t_5329_b_718_tn_0,,,26000,22,0,0
t_5329_b_718_tn_0,,,26001,23,0,0
t_5329_b_718_tn_0,,,26002,24,0,0
t_5329_b_718_tn_0,,,26003,25,0,0
t_5329_b_718_tn_0,,,26004,26,0,0
t_5329_b_718_tn_0,07:13:00,07:13:00,26005,27,0,0
t_5329_b_718_tn_0,,,26006,28,0,0
t_5329_b_718_tn_0,,,26007,29,0,0
t_5329_b_718_tn_0,07:18:00,07:18:00,26008,30,0,0
t_5329_b_718_tn_0,,,26009,31,0,0
t_5329_b_718_tn_0,,,26010,32,0,0
t_5329_b_718_tn_0,,,26011,33,0,0
t_5329_b_718_tn_0,,,26012,34,0,0
t_5329_b_718_tn_0,,,26013,35,0,0
t_5329_b_718_tn_0,,,26014,36,0,0
t_5329_b_718_tn_0,,,26015,37,0,0
t_5329_b_718_tn_0,,,26016,38,0,0
t_5329_b_718_tn_0,,,26017,39,0,0
t_5329_b_718_tn_0,,,26018,40,0,0
t_5329_b_718_tn_0,07:32:00,07:32:00,26019,41,0,0
t_5329_b_718_tn_0,,,26020,42,0,0
t_5329_b_718_tn_0,,,26021,43,0,0
t_5329_b_718_tn_0,,,26022,44,0,0
t_5329_b_718_tn_0,,,26023,45,0,0
t_5329_b_718_tn_0,,,26024,46,0,0
t_5329_b_718_tn_0,,,26025,47,0,0
t_5329_b_718_tn_0,,,26026,48,0,0
t_5329_b_718_tn_0,,,26027,49,0,0
t_5329_b_718_tn_0,,,26292,50,0,0
t_5329_b_718_tn_0,07:41:00,07:41:00,26040,51,0,0
t_5329_b_718_tn_0,,,26029,52,0,0
t_5329_b_718_tn_0,,,26030,53,0,0
t_5329_b_718_tn_0,,,26031,54,0,0
t_5329_b_718_tn_0,,,26032,55,0,0
t_5329_b_718_tn_0,,,26033,56,0,0
t_5329_b_718_tn_0,,,26034,57,0,0
t_5329_b_718_tn_0,07:49:00,07:49:00,26035,58,1,0
t_5331_b_718_tn_0,07:35:00,07:35:00,844531,1,0,1
t_5331_b_718_tn_0,,,2434993,2,0,0
t_5331_b_718_tn_0,,,2434994,3,0,0
t_5331_b_718_tn_0,,,2434995,4,0,0
t_5331_b_718_tn_0,,,2434996,5,0,0
t_5331_b_718_tn_0,,,2434997,6,0,0
t_5331_b_718_tn_0,,,2434998,7,0,0
t_5331_b_718_tn_0,,,2434999,8,0,0
t_5331_b_718_tn_0,,,2435000,9,0,0
t_5331_b_718_tn_0,07:40:00,07:40:00,25988,10,0,0
t_5331_b_718_tn_0,,,25989,11,0,0
t_5331_b_718_tn_0,,,25990,12,0,0
t_5331_b_718_tn_0,07:45:00,07:45:00,25991,13,0,0
t_5331_b_718_tn_0,,,25992,14,0,0
t_5331_b_718_tn_0,,,25993,15,0,0
t_5331_b_718_tn_0,,,25994,16,0,0
t_5331_b_718_tn_0,,,25995,17,0,0
t_5331_b_718_tn_0,07:52:00,07:52:00,26099,18,0,0
t_5331_b_718_tn_0,,,25996,19,0,0
t_5331_b_718_tn_0,,,25998,20,0,0
t_5331_b_718_tn_0,,,25999,21,0,0
t_5331_b_718_tn_0,,,26000,22,0,0
t_5331_b_718_tn_0,,,26001,23,0,0
t_5331_b_718_tn_0,,,26002,24,0,0
t_5331_b_718_tn_0,,,26003,25,0,0
t_5331_b_718_tn_0,,,26004,26,0,0
t_5331_b_718_tn_0,08:03:00,08:03:00,26005,27,0,0
t_5331_b_718_tn_0,,,26006,28,0,0
t_5331_b_718_tn_0,,,26007,29,0,0
t_5331_b_718_tn_0,08:09:00,08:09:00,26008,30,0,0
t_5331_b_718_tn_0,,,26009,31,0,0
t_5331_b_718_tn_0,,,26010,32,0,0
t_5331_b_718_tn_0,,,26011,33,0,0
t_5331_b_718_tn_0,,,26012,34,0,0
t_5331_b_718_tn_0,,,26013,35,0,0
t_5331_b_718_tn_0,,,26014,36,0,0
t_5331_b_718_tn_0,,,26015,37,0,0
t_5331_b_718_tn_0,,,26016,38,0,0
t_5331_b_718_tn_0,,,26017,39,0,0
t_5331_b_718_tn_0,,,26018,40,0,0
t_5331_b_718_tn_0,08:23:00,08:23:00,26019,41,0,0
t_5331_b_718_tn_0,,,26020,42,0,0
t_5331_b_718_tn_0,,,26021,43,0,0
t_5331_b_718_tn_0,,,26022,44,0,0
t_5331_b_718_tn_0,,,26023,45,0,0
t_5331_b_718_tn_0,,,26024,46,0,0
t_5331_b_718_tn_0,,,26025,47,0,0
t_5331_b_718_tn_0,,,26026,48,0,0
t_5331_b_718_tn_0,,,26027,49,0,0
t_5331_b_718_tn_0,,,26292,50,0,0
t_5331_b_718_tn_0,08:32:00,08:32:00,26040,51,0,0
t_5331_b_718_tn_0,,,26029,52,0,0
t_5331_b_718_tn_0,,,26030,53,0,0
t_5331_b_718_tn_0,,,26031,54,0,0
t_5331_b_718_tn_0,,,26032,55,0,0
t_5331_b_718_tn_0,,,26033,56,0,0
t_5331_b_718_tn_0,,,26034,57,0,0
t_5331_b_718_tn_0,08:40:00,08:40:00,26035,58,1,0
t_5336_b_718_tn_0,08:30:00,08:30:00,844531,1,0,1
t_5336_b_718_tn_0,,,2434993,2,0,0
t_5336_b_718_tn_0,,,2434994,3,0,0
t_5336_b_718_tn_0,,,2434995,4,0,0
t_5336_b_718_tn_0,,,2434996,5,0,0
t_5336_b_718_tn_0,,,2434997,6,0,0
t_5336_b_718_tn_0,,,2434998,7,0,0
t_5336_b_718_tn_0,,,2434999,8,0,0
t_5336_b_718_tn_0,,,2435000,9,0,0
t_5336_b_718_tn_0,08:35:00,08:35:00,25988,10,0,0
t_5336_b_718_tn_0,,,25989,11,0,0
t_5336_b_718_tn_0,,,25990,12,0,0
t_5336_b_718_tn_0,08:40:00,08:40:00,25991,13,0,0
t_5336_b_718_tn_0,,,25992,14,0,0
t_5336_b_718_tn_0,,,25993,15,0,0
t_5336_b_718_tn_0,,,25994,16,0,0
t_5336_b_718_tn_0,,,25995,17,0,0
t_5336_b_718_tn_0,08:47:00,08:47:00,26099,18,0,0
t_5336_b_718_tn_0,,,25996,19,0,0
t_5336_b_718_tn_0,,,25998,20,0,0
t_5336_b_718_tn_0,,,25999,21,0,0
t_5336_b_718_tn_0,,,26000,22,0,0
t_5336_b_718_tn_0,,,26001,23,0,0
t_5336_b_718_tn_0,,,26002,24,0,0
t_5336_b_718_tn_0,,,26003,25,0,0
t_5336_b_718_tn_0,,,26004,26,0,0
t_5336_b_718_tn_0,08:56:00,08:56:00,26005,27,0,0
t_5336_b_718_tn_0,,,26006,28,0,0
t_5336_b_718_tn_0,,,26007,29,0,0
t_5336_b_718_tn_0,09:02:00,09:02:00,26008,30,0,0
t_5336_b_718_tn_0,,,26009,31,0,0
t_5336_b_718_tn_0,,,26010,32,0,0
t_5336_b_718_tn_0,,,26011,33,0,0
t_5336_b_718_tn_0,,,26012,34,0,0
t_5336_b_718_tn_0,,,26013,35,0,0
t_5336_b_718_tn_0,,,26014,36,0,0
t_5336_b_718_tn_0,,,26015,37,0,0
t_5336_b_718_tn_0,,,26016,38,0,0
t_5336_b_718_tn_0,,,26017,39,0,0
t_5336_b_718_tn_0,,,26018,40,0,0
t_5336_b_718_tn_0,09:13:00,09:13:00,26019,41,0,0
t_5336_b_718_tn_0,,,26020,42,0,0
t_5336_b_718_tn_0,,,26021,43,0,0
t_5336_b_718_tn_0,,,26022,44,0,0
t_5336_b_718_tn_0,,,26023,45,0,0
t_5336_b_718_tn_0,,,26024,46,0,0
t_5336_b_718_tn_0,,,26025,47,0,0
t_5336_b_718_tn_0,,,26026,48,0,0
t_5336_b_718_tn_0,,,26027,49,0,0
t_5336_b_718_tn_0,,,26292,50,0,0
t_5336_b_718_tn_0,09:22:00,09:22:00,26040,51,0,0
t_5336_b_718_tn_0,,,26029,52,0,0
t_5336_b_718_tn_0,,,26030,53,0,0
t_5336_b_718_tn_0,,,26031,54,0,0
t_5336_b_718_tn_0,,,26032,55,0,0
t_5336_b_718_tn_0,,,26033,56,0,0
t_5336_b_718_tn_0,,,26034,57,0,0
t_5336_b_718_tn_0,09:30:00,09:30:00,26035,58,1,0
t_5351_b_718_tn_0,15:47:00,15:47:00,26051,1,0,1
t_5351_b_718_tn_0,,,26052,2,0,0
t_5351_b_718_tn_0,,,26053,3,0,0
t_5351_b_718_tn_0,,,26054,4,0,0
t_5351_b_718_tn_0,,,26055,5,0,0
t_5351_b_718_tn_0,,,26056,6,0,0
t_5351_b_718_tn_0,15:52:00,15:52:00,26057,7,0,0
t_5351_b_718_tn_0,,,26058,8,0,0
t_5351_b_718_tn_0,,,26059,9,0,0
t_5351_b_718_tn_0,,,26060,10,0,0
t_5351_b_718_tn_0,15:56:00,15:56:00,26163,11,0,0
t_5351_b_718_tn_0,,,26029,12,0,0
t_5351_b_718_tn_0,,,26030,13,0,0
t_5351_b_718_tn_0,,,26031,14,0,0
t_5351_b_718_tn_0,,,26032,15,0,0
t_5351_b_718_tn_0,,,26033,16,0,0
t_5351_b_718_tn_0,,,26034,17,0,0
t_5351_b_718_tn_0,16:01:00,16:01:00,26035,18,1,0
t_5353_b_21608_tn_0,07:24:00,07:24:00,26161,1,0,1
t_5353_b_21608_tn_0,07:28:00,07:28:00,759043,2,0,0
t_5353_b_21608_tn_0,,,26198,3,0,0
t_5353_b_21608_tn_0,07:36:00,07:36:00,26199,4,0,0
t_5353_b_21608_tn_0,,,26200,5,0,0
t_5353_b_21608_tn_0,07:44:00,07:44:00,26202,6,0,0
t_5353_b_21608_tn_0,,,26203,7,0,0
t_5353_b_21608_tn_0,,,26205,8,0,0
t_5353_b_21608_tn_0,,,26206,9,0,0
t_5353_b_21608_tn_0,07:49:00,07:49:00,26087,10,0,0
t_5353_b_21608_tn_0,,,26088,11,0,0
t_5353_b_21608_tn_0,07:52:00,07:52:00,26089,12,0,0
t_5353_b_21608_tn_0,,,26091,13,0,0
t_5353_b_21608_tn_0,08:00:00,08:00:00,26099,14,0,0
t_5353_b_21608_tn_0,08:01:00,08:01:00,26141,15,1,0
t_5356_b_718_tn_0,16:35:00,16:35:00,26051,1,0,1
t_5356_b_718_tn_0,,,26052,2,0,0
t_5356_b_718_tn_0,,,26053,3,0,0
t_5356_b_718_tn_0,,,26054,4,0,0
t_5356_b_718_tn_0,,,26055,5,0,0
t_5356_b_718_tn_0,,,26056,6,0,0
t_5356_b_718_tn_0,16:40:00,16:40:00,26057,7,0,0
t_5356_b_718_tn_0,,,26058,8,0,0
t_5356_b_718_tn_0,,,26059,9,0,0
t_5356_b_718_tn_0,,,26060,10,0,0
t_5356_b_718_tn_0,16:44:00,16:44:00,26163,11,0,0
t_5356_b_718_tn_0,,,26029,12,0,0
t_5356_b_718_tn_0,,,26030,13,0,0
t_5356_b_718_tn_0,,,26031,14,0,0
t_5356_b_718_tn_0,,,26032,15,0,0
t_5356_b_718_tn_0,,,26033,16,0,0
t_5356_b_718_tn_0,,,26034,17,0,0
t_5356_b_718_tn_0,16:49:00,16:49:00,26035,18,1,0
t_53582_b_718_tn_0,12:40:00,12:40:00,26035,1,0,0
t_53582_b_718_tn_0,,,26036,2,0,0
t_53582_b_718_tn_0,,,26037,3,0,0
t_53582_b_718_tn_0,,,26038,4,0,0
t_53582_b_718_tn_0,,,26039,5,0,0
t_53582_b_718_tn_0,12:48:00,12:48:00,26040,6,0,0
t_53582_b_718_tn_0,,,26062,7,0,0
t_53582_b_718_tn_0,,,26063,8,0,0
t_53582_b_718_tn_0,,,26064,9,0,0
t_53582_b_718_tn_0,,,26066,10,0,0
t_53582_b_718_tn_0,,,26067,11,0,0
t_53582_b_718_tn_0,,,26068,12,0,0
t_53582_b_718_tn_0,,,26069,13,0,0
t_53582_b_718_tn_0,12:56:00,12:56:00,26070,14,0,0
t_53582_b_718_tn_0,,,26071,15,0,0
t_53582_b_718_tn_0,,,26072,16,0,0
t_53582_b_718_tn_0,,,26073,17,0,0
t_53582_b_718_tn_0,,,26074,18,0,0
t_53582_b_718_tn_0,,,26075,19,0,0
t_53582_b_718_tn_0,,,26076,20,0,0
t_53582_b_718_tn_0,,,26077,21,0,0
t_53582_b_718_tn_0,,,26078,22,0,0
t_53582_b_718_tn_0,,,26079,23,0,0
t_53582_b_718_tn_0,,,26080,24,0,0
t_53582_b_718_tn_0,13:07:00,13:07:00,26081,25,0,0
t_53582_b_718_tn_0,,,26082,26,0,0
t_53582_b_718_tn_0,,,26083,27,0,0
t_53582_b_718_tn_0,13:14:00,13:14:00,26084,28,0,0
t_53582_b_718_tn_0,,,26085,29,0,0
t_53582_b_718_tn_0,,,26086,30,0,0
t_53582_b_718_tn_0,,,26087,31,0,0
t_53582_b_718_tn_0,,,26088,32,0,0
t_53582_b_718_tn_0,,,26089,33,0,0
t_53582_b_718_tn_0,,,26090,34,0,0
t_53582_b_718_tn_0,,,26091,35,0,0
t_53582_b_718_tn_0,,,26093,36,0,0
t_53582_b_718_tn_0,13:22:00,13:22:00,26099,37,0,0
t_53582_b_718_tn_0,,,26094,38,0,0
t_53582_b_718_tn_0,,,26095,39,0,0
t_53582_b_718_tn_0,,,26096,40,0,0
t_53582_b_718_tn_0,,,26097,41,0,0
t_53582_b_718_tn_0,13:30:00,13:30:00,26098,42,0,0
t_53582_b_718_tn_0,13:33:00,13:33:00,2435001,43,0,0
t_53582_b_718_tn_0,,,2434985,44,0,0
t_53582_b_718_tn_0,,,2434986,45,0,0
t_53582_b_718_tn_0,,,2434987,46,0,0
t_53582_b_718_tn_0,,,2434988,47,0,0
t_53582_b_718_tn_0,,,2434989,48,0,0
t_53582_b_718_tn_0,,,2434990,49,0,0
t_53582_b_718_tn_0,,,2434991,50,0,0
t_53582_b_718_tn_0,,,2434992,51,0,0
t_53582_b_718_tn_0,13:38:00,13:38:00,844532,52,1,0
t_5358_b_718_tn_0,08:35:00,08:35:00,26035,1,0,1
t_5358_b_718_tn_0,,,26036,2,0,0
t_5358_b_718_tn_0,,,26037,3,0,0
t_5358_b_718_tn_0,,,26038,4,0,0
t_5358_b_718_tn_0,,,26039,5,0,0
t_5358_b_718_tn_0,08:43:00,08:43:00,26040,6,0,0
t_5358_b_718_tn_0,,,26062,7,0,0
t_5358_b_718_tn_0,,,26063,8,0,0
t_5358_b_718_tn_0,,,26064,9,0,0
t_5358_b_718_tn_0,,,26066,10,0,0
t_5358_b_718_tn_0,,,26067,11,0,0
t_5358_b_718_tn_0,,,26068,12,0,0
t_5358_b_718_tn_0,,,26069,13,0,0
t_5358_b_718_tn_0,08:51:00,08:51:00,26070,14,0,0
t_5358_b_718_tn_0,,,26071,15,0,0
t_5358_b_718_tn_0,,,26072,16,0,0
t_5358_b_718_tn_0,,,26073,17,0,0
t_5358_b_718_tn_0,,,26074,18,0,0
t_5358_b_718_tn_0,,,26075,19,0,0
t_5358_b_718_tn_0,,,26076,20,0,0
t_5358_b_718_tn_0,,,26077,21,0,0
t_5358_b_718_tn_0,,,26078,22,0,0
t_5358_b_718_tn_0,,,26079,23,0,0
t_5358_b_718_tn_0,,,26080,24,0,0
t_5358_b_718_tn_0,09:02:00,09:02:00,26081,25,0,0
t_5358_b_718_tn_0,,,26082,26,0,0
t_5358_b_718_tn_0,,,26083,27,0,0
t_5358_b_718_tn_0,09:09:00,09:09:00,26084,28,0,0
t_5358_b_718_tn_0,,,26085,29,0,0
t_5358_b_718_tn_0,,,26086,30,0,0
t_5358_b_718_tn_0,,,26087,31,0,0
t_5358_b_718_tn_0,,,26088,32,0,0
t_5358_b_718_tn_0,,,26089,33,0,0
t_5358_b_718_tn_0,,,26090,34,0,0
t_5358_b_718_tn_0,,,26091,35,0,0
t_5358_b_718_tn_0,,,26093,36,0,0
t_5358_b_718_tn_0,09:17:00,09:17:00,26099,37,0,0
t_5358_b_718_tn_0,,,26094,38,0,0
t_5358_b_718_tn_0,,,26095,39,0,0
t_5358_b_718_tn_0,,,26096,40,0,0
t_5358_b_718_tn_0,,,26097,41,0,0
t_5358_b_718_tn_0,09:25:00,09:25:00,26098,42,0,0
t_5358_b_718_tn_0,09:28:00,09:28:00,2435001,43,0,0
t_5358_b_718_tn_0,,,2434985,44,0,0
t_5358_b_718_tn_0,,,2434986,45,0,0
t_5358_b_718_tn_0,,,2434987,46,0,0
t_5358_b_718_tn_0,,,2434988,47,0,0
t_5358_b_718_tn_0,,,2434989,48,0,0
t_5358_b_718_tn_0,,,2434990,49,0,0
t_5358_b_718_tn_0,,,2434991,50,0,0
t_5358_b_718_tn_0,,,2434992,51,0,0
t_5358_b_718_tn_0,09:33:00,09:33:00,844532,52,1,0
t_53594_b_21608_tn_0,13:49:00,13:49:00,26099,1,0,0
t_53594_b_21608_tn_0,13:50:00,13:50:00,26141,2,0,0
t_53594_b_21608_tn_0,13:54:00,13:54:00,26128,3,0,0
t_53594_b_21608_tn_0,14:00:00,14:00:00,26127,4,0,0
t_53594_b_21608_tn_0,14:06:00,14:06:00,26287,5,0,0
t_53594_b_21608_tn_0,,,26124,6,0,0
t_53594_b_21608_tn_0,,,26286,7,0,0
t_53594_b_21608_tn_0,,,26120,8,0,0
t_53594_b_21608_tn_0,14:11:00,14:11:00,26116,9,0,0
t_53594_b_21608_tn_0,,,26113,10,0,0
t_53594_b_21608_tn_0,,,26112,11,0,0
t_53594_b_21608_tn_0,,,26110,12,0,0
t_53594_b_21608_tn_0,,,26108,13,0,0
t_53594_b_21608_tn_0,14:19:00,14:19:00,26106,14,0,0
t_53594_b_21608_tn_0,,,26103,15,0,0
t_53594_b_21608_tn_0,14:23:00,14:23:00,26102,16,0,0
t_53594_b_21608_tn_0,14:26:00,14:26:00,26101,17,1,0
t_5359_b_718_tn_0,16:01:00,16:01:00,26035,1,0,0
t_5359_b_718_tn_0,,,26036,2,0,0
t_5359_b_718_tn_0,,,26037,3,0,0
t_5359_b_718_tn_0,,,26038,4,0,0
t_5359_b_718_tn_0,,,26039,5,0,0
t_5359_b_718_tn_0,16:09:00,16:09:00,26040,6,0,0
t_5359_b_718_tn_0,,,26062,7,0,0
t_5359_b_718_tn_0,,,26063,8,0,0
t_5359_b_718_tn_0,,,26064,9,0,0
t_5359_b_718_tn_0,,,26066,10,0,0
t_5359_b_718_tn_0,,,26067,11,0,0
t_5359_b_718_tn_0,,,26068,12,0,0
t_5359_b_718_tn_0,,,26069,13,0,0
t_5359_b_718_tn_0,16:17:00,16:17:00,26070,14,0,0
t_5359_b_718_tn_0,,,26071,15,0,0
t_5359_b_718_tn_0,,,26072,16,0,0
t_5359_b_718_tn_0,,,26073,17,0,0
t_5359_b_718_tn_0,,,26074,18,0,0
t_5359_b_718_tn_0,,,26075,19,0,0
t_5359_b_718_tn_0,,,26076,20,0,0
t_5359_b_718_tn_0,,,26077,21,0,0
t_5359_b_718_tn_0,,,26078,22,0,0
t_5359_b_718_tn_0,,,26079,23,0,0
t_5359_b_718_tn_0,,,26080,24,0,0
t_5359_b_718_tn_0,16:28:00,16:28:00,26081,25,0,0
t_5359_b_718_tn_0,,,26082,26,0,0
t_5359_b_718_tn_0,,,26083,27,0,0
t_5359_b_718_tn_0,16:35:00,16:35:00,26084,28,0,0
t_5359_b_718_tn_0,,,26085,29,0,0
t_5359_b_718_tn_0,,,26086,30,0,0
t_5359_b_718_tn_0,,,26087,31,0,0
t_5359_b_718_tn_0,,,26088,32,0,0
t_5359_b_718_tn_0,,,26089,33,0,0
t_5359_b_718_tn_0,,,26090,34,0,0
t_5359_b_718_tn_0,,,26091,35,0,0
t_5359_b_718_tn_0,,,26093,36,0,0
t_5359_b_718_tn_0,16:43:00,16:43:00,26099,37,0,0
t_5359_b_718_tn_0,,,26094,38,0,0
t_5359_b_718_tn_0,,,26095,39,0,0
t_5359_b_718_tn_0,,,26096,40,0,0
t_5359_b_718_tn_0,,,26097,41,0,0
t_5359_b_718_tn_0,16:51:00,16:51:00,26098,42,0,0
t_5359_b_718_tn_0,16:54:00,16:54:00,2435001,43,0,0
t_5359_b_718_tn_0,,,2434985,44,0,0
t_5359_b_718_tn_0,,,2434986,45,0,0
t_5359_b_718_tn_0,,,2434987,46,0,0
t_5359_b_718_tn_0,,,2434988,47,0,0
t_5359_b_718_tn_0,,,2434989,48,0,0
t_5359_b_718_tn_0,,,2434990,49,0,0
t_5359_b_718_tn_0,,,2434991,50,0,0
t_5359_b_718_tn_0,,,2434992,51,0,0
t_5359_b_718_tn_0,16:59:00,16:59:00,844532,52,1,0
t_5360_b_718_tn_0,16:52:00,16:52:00,26035,1,0,0
t_5360_b_718_tn_0,,,26036,2,0,0
t_5360_b_718_tn_0,,,26037,3,0,0
t_5360_b_718_tn_0,,,26038,4,0,0
t_5360_b_718_tn_0,,,26039,5,0,0
t_5360_b_718_tn_0,17:00:00,17:00:00,26040,6,0,0
t_5360_b_718_tn_0,,,26062,7,0,0
t_5360_b_718_tn_0,,,26063,8,0,0
t_5360_b_718_tn_0,,,26064,9,0,0
t_5360_b_718_tn_0,,,26066,10,0,0
t_5360_b_718_tn_0,,,26067,11,0,0
t_5360_b_718_tn_0,,,26068,12,0,0
t_5360_b_718_tn_0,,,26069,13,0,0
t_5360_b_718_tn_0,17:08:00,17:08:00,26070,14,0,0
t_5360_b_718_tn_0,,,26071,15,0,0
t_5360_b_718_tn_0,,,26072,16,0,0
t_5360_b_718_tn_0,,,26073,17,0,0
t_5360_b_718_tn_0,,,26074,18,0,0
t_5360_b_718_tn_0,,,26075,19,0,0
t_5360_b_718_tn_0,,,26076,20,0,0
t_5360_b_718_tn_0,,,26077,21,0,0
t_5360_b_718_tn_0,,,26078,22,0,0
t_5360_b_718_tn_0,,,26079,23,0,0
t_5360_b_718_tn_0,,,26080,24,0,0
t_5360_b_718_tn_0,17:19:00,17:19:00,26081,25,0,0
t_5360_b_718_tn_0,,,26082,26,0,0
t_5360_b_718_tn_0,,,26083,27,0,0
t_5360_b_718_tn_0,17:26:00,17:26:00,26084,28,0,0
t_5360_b_718_tn_0,,,26085,29,0,0
t_5360_b_718_tn_0,,,26086,30,0,0
t_5360_b_718_tn_0,,,26087,31,0,0
t_5360_b_718_tn_0,,,26088,32,0,0
t_5360_b_718_tn_0,,,26089,33,0,0
t_5360_b_718_tn_0,,,26090,34,0,0
t_5360_b_718_tn_0,,,26091,35,0,0
t_5360_b_718_tn_0,,,26093,36,0,0
t_5360_b_718_tn_0,17:34:00,17:34:00,26099,37,0,0
t_5360_b_718_tn_0,,,26094,38,0,0
t_5360_b_718_tn_0,,,26095,39,0,0
t_5360_b_718_tn_0,,,26096,40,0,0
t_5360_b_718_tn_0,,,26097,41,0,0
t_5360_b_718_tn_0,17:42:00,17:42:00,26098,42,0,0
t_5360_b_718_tn_0,17:45:00,17:45:00,2435001,43,0,0
t_5360_b_718_tn_0,,,2434985,44,0,0
t_5360_b_718_tn_0,,,2434986,45,0,0
t_5360_b_718_tn_0,,,2434987,46,0,0
t_5360_b_718_tn_0,,,2434988,47,0,0
t_5360_b_718_tn_0,,,2434989,48,0,0
t_5360_b_718_tn_0,,,2434990,49,0,0
t_5360_b_718_tn_0,,,2434991,50,0,0
t_5360_b_718_tn_0,,,2434992,51,0,0
t_5360_b_718_tn_0,17:50:00,17:50:00,844532,52,1,0
t_5361_b_718_tn_0,17:41:00,17:41:00,26035,1,0,0
t_5361_b_718_tn_0,,,26036,2,0,0
t_5361_b_718_tn_0,,,26037,3,0,0
t_5361_b_718_tn_0,,,26038,4,0,0
t_5361_b_718_tn_0,,,26039,5,0,0
t_5361_b_718_tn_0,17:49:00,17:49:00,26040,6,0,0
t_5361_b_718_tn_0,,,26062,7,0,0
t_5361_b_718_tn_0,,,26063,8,0,0
t_5361_b_718_tn_0,,,26064,9,0,0
t_5361_b_718_tn_0,,,26066,10,0,0
t_5361_b_718_tn_0,,,26067,11,0,0
t_5361_b_718_tn_0,,,26068,12,0,0
t_5361_b_718_tn_0,,,26069,13,0,0
t_5361_b_718_tn_0,17:57:00,17:57:00,26070,14,0,0
t_5361_b_718_tn_0,,,26071,15,0,0
t_5361_b_718_tn_0,,,26072,16,0,0
t_5361_b_718_tn_0,,,26073,17,0,0
t_5361_b_718_tn_0,,,26074,18,0,0
t_5361_b_718_tn_0,,,26075,19,0,0
t_5361_b_718_tn_0,,,26076,20,0,0
t_5361_b_718_tn_0,,,26077,21,0,0
t_5361_b_718_tn_0,,,26078,22,0,0
t_5361_b_718_tn_0,,,26079,23,0,0
t_5361_b_718_tn_0,,,26080,24,0,0
t_5361_b_718_tn_0,18:08:00,18:08:00,26081,25,0,0
t_5361_b_718_tn_0,,,26082,26,0,0
t_5361_b_718_tn_0,,,26083,27,0,0
t_5361_b_718_tn_0,18:15:00,18:15:00,26084,28,0,0
t_5361_b_718_tn_0,,,26085,29,0,0
t_5361_b_718_tn_0,,,26086,30,0,0
t_5361_b_718_tn_0,,,26087,31,0,0
t_5361_b_718_tn_0,,,26088,32,0,0
t_5361_b_718_tn_0,,,26089,33,0,0
t_5361_b_718_tn_0,,,26090,34,0,0
t_5361_b_718_tn_0,,,26091,35,0,0
t_5361_b_718_tn_0,,,26093,36,0,0
t_5361_b_718_tn_0,18:23:00,18:23:00,26099,37,0,0
t_5361_b_718_tn_0,,,26094,38,0,0
t_5361_b_718_tn_0,,,26095,39,0,0
t_5361_b_718_tn_0,,,26096,40,0,0
t_5361_b_718_tn_0,,,26097,41,0,0
t_5361_b_718_tn_0,18:31:00,18:31:00,26098,42,0,0
t_5361_b_718_tn_0,18:34:00,18:34:00,2435001,43,0,0
t_5361_b_718_tn_0,,,2434985,44,0,0
t_5361_b_718_tn_0,,,2434986,45,0,0
t_5361_b_718_tn_0,,,2434987,46,0,0
t_5361_b_718_tn_0,,,2434988,47,0,0
t_5361_b_718_tn_0,,,2434989,48,0,0
t_5361_b_718_tn_0,,,2434990,49,0,0
t_5361_b_718_tn_0,,,2434991,50,0,0
t_5361_b_718_tn_0,,,2434992,51,0,0
t_5361_b_718_tn_0,18:39:00,18:39:00,844532,52,1,0
t_5362_b_718_tn_0,18:26:00,18:26:00,26035,1,0,0
t_5362_b_718_tn_0,,,26036,2,0,0
t_5362_b_718_tn_0,,,26037,3,0,0
t_5362_b_718_tn_0,,,26038,4,0,0
t_5362_b_718_tn_0,,,26039,5,0,0
t_5362_b_718_tn_0,18:34:00,18:34:00,26040,6,0,0
t_5362_b_718_tn_0,,,26062,7,0,0
t_5362_b_718_tn_0,,,26063,8,0,0
t_5362_b_718_tn_0,,,26064,9,0,0
t_5362_b_718_tn_0,,,26066,10,0,0
t_5362_b_718_tn_0,,,26067,11,0,0
t_5362_b_718_tn_0,,,26068,12,0,0
t_5362_b_718_tn_0,,,26069,13,0,0
t_5362_b_718_tn_0,18:42:00,18:42:00,26070,14,0,0
t_5362_b_718_tn_0,,,26071,15,0,0
t_5362_b_718_tn_0,,,26072,16,0,0
t_5362_b_718_tn_0,,,26073,17,0,0
t_5362_b_718_tn_0,,,26074,18,0,0
t_5362_b_718_tn_0,,,26075,19,0,0
t_5362_b_718_tn_0,,,26076,20,0,0
t_5362_b_718_tn_0,,,26077,21,0,0
t_5362_b_718_tn_0,,,26078,22,0,0
t_5362_b_718_tn_0,,,26079,23,0,0
t_5362_b_718_tn_0,,,26080,24,0,0
t_5362_b_718_tn_0,18:53:00,18:53:00,26081,25,0,0
t_5362_b_718_tn_0,,,26082,26,0,0
t_5362_b_718_tn_0,,,26083,27,0,0
t_5362_b_718_tn_0,19:00:00,19:00:00,26084,28,0,0
t_5362_b_718_tn_0,,,26085,29,0,0
t_5362_b_718_tn_0,,,26086,30,0,0
t_5362_b_718_tn_0,,,26087,31,0,0
t_5362_b_718_tn_0,,,26088,32,0,0
t_5362_b_718_tn_0,,,26089,33,0,0
t_5362_b_718_tn_0,,,26090,34,0,0
t_5362_b_718_tn_0,,,26091,35,0,0
t_5362_b_718_tn_0,,,26093,36,0,0
t_5362_b_718_tn_0,19:08:00,19:08:00,26099,37,0,0
t_5362_b_718_tn_0,,,26094,38,0,0
t_5362_b_718_tn_0,,,26095,39,0,0
t_5362_b_718_tn_0,,,26096,40,0,0
t_5362_b_718_tn_0,,,26097,41,0,0
t_5362_b_718_tn_0,19:16:00,19:16:00,26098,42,0,0
t_5362_b_718_tn_0,19:19:00,19:19:00,2435001,43,0,0
t_5362_b_718_tn_0,,,2434985,44,0,0
t_5362_b_718_tn_0,,,2434986,45,0,0
t_5362_b_718_tn_0,,,2434987,46,0,0
t_5362_b_718_tn_0,,,2434988,47,0,0
t_5362_b_718_tn_0,,,2434989,48,0,0
t_5362_b_718_tn_0,,,2434990,49,0,0
t_5362_b_718_tn_0,,,2434991,50,0,0
t_5362_b_718_tn_0,,,2434992,51,0,0
t_5362_b_718_tn_0,19:24:00,19:24:00,844532,52,1,0
t_53949_b_21608_tn_0,12:27:00,12:27:00,26161,1,0,1
t_53949_b_21608_tn_0,12:29:00,12:29:00,26008,2,0,0
t_53949_b_21608_tn_0,12:31:00,12:31:00,26009,3,0,0
t_53949_b_21608_tn_0,12:33:00,12:33:00,26010,4,0,0
t_53949_b_21608_tn_0,12:34:00,12:34:00,26243,5,0,0
t_53949_b_21608_tn_0,,,26014,6,0,0
t_53949_b_21608_tn_0,,,26015,7,0,0
t_53949_b_21608_tn_0,,,26016,8,0,0
t_53949_b_21608_tn_0,,,26215,9,0,0
t_53949_b_21608_tn_0,12:42:00,12:42:00,26216,10,0,0
t_53949_b_21608_tn_0,,,26217,11,0,0
t_53949_b_21608_tn_0,,,26218,12,0,0
t_53949_b_21608_tn_0,12:47:00,12:47:00,26252,13,0,0
t_53949_b_21608_tn_0,12:49:00,12:49:00,26220,14,0,0
t_53949_b_21608_tn_0,,,26221,15,0,0
t_53949_b_21608_tn_0,,,26222,16,0,0
t_53949_b_21608_tn_0,12:53:00,12:53:00,26256,17,0,0
t_53949_b_21608_tn_0,,,26224,18,0,0
t_53949_b_21608_tn_0,,,26258,19,0,0
t_53949_b_21608_tn_0,,,26226,20,0,0
t_53949_b_21608_tn_0,,,26227,21,0,0
t_53949_b_21608_tn_0,,,26261,22,0,0
t_53949_b_21608_tn_0,,,26229,23,0,0
t_53949_b_21608_tn_0,12:59:00,12:59:00,26101,24,0,0
t_53949_b_21608_tn_0,,,26052,25,0,0
t_53949_b_21608_tn_0,,,26053,26,0,0
t_53949_b_21608_tn_0,,,26054,27,0,0
t_53949_b_21608_tn_0,,,26055,28,0,0
t_53949_b_21608_tn_0,,,26145,29,0,0
t_53949_b_21608_tn_0,,,26262,30,0,0
t_53949_b_21608_tn_0,13:09:00,13:09:00,26167,31,0,0
t_53949_b_21608_tn_0,13:14:00,13:14:00,26166,32,1,0
t_56337_b_21608_tn_0,13:11:00,13:11:00,26146,1,0,0
t_56337_b_21608_tn_0,,,26167,2,0,0
t_56337_b_21608_tn_0,,,26185,3,0,0
t_56337_b_21608_tn_0,13:19:00,13:19:00,26166,4,0,0
t_56337_b_21608_tn_0,,,26186,5,0,0
t_56337_b_21608_tn_0,,,26187,6,0,0
t_56337_b_21608_tn_0,13:25:00,13:25:00,766442,7,0,0
t_56337_b_21608_tn_0,,,26191,8,0,0
t_56337_b_21608_tn_0,13:33:00,13:33:00,26192,9,0,0
t_56337_b_21608_tn_0,13:35:00,13:35:00,26175,10,0,0
t_56337_b_21608_tn_0,,,26282,11,0,0
t_56337_b_21608_tn_0,13:39:00,13:39:00,26193,12,0,0
t_56337_b_21608_tn_0,13:42:00,13:42:00,26069,13,0,0
t_56337_b_21608_tn_0,,,26172,14,0,0
t_56337_b_21608_tn_0,,,26082,15,0,0
t_56337_b_21608_tn_0,13:46:00,13:46:00,26161,16,0,0
t_56337_b_21608_tn_0,13:53:00,13:53:00,26244,17,1,0
t_56829_b_21609_tn_0,07:50:00,07:50:00,26131,1,0,1
t_56829_b_21609_tn_0,07:52:00,07:52:00,26194,2,0,0
t_56829_b_21609_tn_0,07:53:00,07:53:00,26132,3,0,0
t_56829_b_21609_tn_0,,,26133,4,0,0
t_56829_b_21609_tn_0,07:54:00,07:54:00,26134,5,0,0
t_56829_b_21609_tn_0,07:55:00,07:55:00,26135,6,0,0
t_56829_b_21609_tn_0,,,26136,7,0,0
t_56829_b_21609_tn_0,07:56:00,07:56:00,26137,8,0,0
t_56829_b_21609_tn_0,,,26138,9,0,0
t_56829_b_21609_tn_0,08:02:00,08:02:00,25995,10,0,0
t_56829_b_21609_tn_0,08:05:00,08:05:00,26099,11,1,0
t_62875_b_718_tn_0,11:50:00,11:50:00,26035,1,0,1
t_62875_b_718_tn_0,,,26036,2,0,0
t_62875_b_718_tn_0,,,26037,3,0,0
t_62875_b_718_tn_0,,,26038,4,0,0
t_62875_b_718_tn_0,,,26039,5,0,0
t_62875_b_718_tn_0,11:58:00,11:58:00,26040,6,0,0
t_62875_b_718_tn_0,,,26062,7,0,0
t_62875_b_718_tn_0,,,26063,8,0,0
t_62875_b_718_tn_0,,,26064,9,0,0
t_62875_b_718_tn_0,,,26066,10,0,0
t_62875_b_718_tn_0,,,26067,11,0,0
t_62875_b_718_tn_0,,,26068,12,0,0
t_62875_b_718_tn_0,,,26069,13,0,0
t_62875_b_718_tn_0,12:06:00,12:06:00,26070,14,0,0
t_62875_b_718_tn_0,,,26071,15,0,0
t_62875_b_718_tn_0,,,26072,16,0,0
t_62875_b_718_tn_0,,,26073,17,0,0
t_62875_b_718_tn_0,,,26074,18,0,0
t_62875_b_718_tn_0,,,26075,19,0,0
t_62875_b_718_tn_0,,,26076,20,0,0
t_62875_b_718_tn_0,,,26077,21,0,0
t_62875_b_718_tn_0,,,26078,22,0,0
t_62875_b_718_tn_0,,,26079,23,0,0
t_62875_b_718_tn_0,,,26080,24,0,0
t_62875_b_718_tn_0,12:17:00,12:17:00,26081,25,0,0
t_62875_b_718_tn_0,,,26082,26,0,0
t_62875_b_718_tn_0,,,26083,27,0,0
t_62875_b_718_tn_0,12:24:00,12:24:00,26084,28,0,0
t_62875_b_718_tn_0,,,26085,29,0,0
t_62875_b_718_tn_0,,,26086,30,0,0
t_62875_b_718_tn_0,,,26087,31,0,0
t_62875_b_718_tn_0,,,26088,32,0,0
t_62875_b_718_tn_0,,,26089,33,0,0
t_62875_b_718_tn_0,,,26090,34,0,0
t_62875_b_718_tn_0,,,26091,35,0,0
t_62875_b_718_tn_0,,,26093,36,0,0
t_62875_b_718_tn_0,12:32:00,12:32:00,26099,37,0,0
t_62875_b_718_tn_0,,,26094,38,0,0
t_62875_b_718_tn_0,,,26095,39,0,0
t_62875_b_718_tn_0,,,26096,40,0,0
t_62875_b_718_tn_0,,,26097,41,0,0
t_62875_b_718_tn_0,12:40:00,12:40:00,26098,42,0,0
t_62875_b_718_tn_0,12:43:00,12:43:00,2435001,43,0,0
t_62875_b_718_tn_0,,,2434985,44,0,0
t_62875_b_718_tn_0,,,2434986,45,0,0
t_62875_b_718_tn_0,,,2434987,46,0,0
t_62875_b_718_tn_0,,,2434988,47,0,0
t_62875_b_718_tn_0,,,2434989,48,0,0
t_62875_b_718_tn_0,,,2434990,49,0,0
t_62875_b_718_tn_0,,,2434991,50,0,0
t_62875_b_718_tn_0,,,2434992,51,0,0
t_62875_b_718_tn_0,12:45:00,12:45:00,844532,52,1,0
t_64486_b_21608_tn_0,12:35:00,12:35:00,26244,1,0,1
t_64486_b_21608_tn_0,12:40:00,12:40:00,26161,2,0,0
t_64486_b_21608_tn_0,12:44:00,12:44:00,26020,3,0,0
t_64486_b_21608_tn_0,,,26162,4,0,0
t_64486_b_21608_tn_0,,,26022,5,0,0
t_64486_b_21608_tn_0,,,26290,6,0,0
t_64486_b_21608_tn_0,12:48:00,12:48:00,26024,7,0,0
t_64486_b_21608_tn_0,12:49:00,12:49:00,26025,8,0,0
t_64486_b_21608_tn_0,,,26027,9,0,0
t_64486_b_21608_tn_0,,,26292,10,0,0
t_64486_b_21608_tn_0,13:03:00,13:03:00,26163,11,0,0
t_64486_b_21608_tn_0,,,26100,12,0,0
t_64486_b_21608_tn_0,,,26164,13,0,0
t_64486_b_21608_tn_0,,,26145,14,0,0
t_64486_b_21608_tn_0,13:10:00,13:10:00,26166,15,1,0
t_68395_b_21609_tn_0,13:10:00,13:10:00,26099,1,0,1
t_68395_b_21609_tn_0,13:13:00,13:13:00,25997,2,0,0
t_68395_b_21609_tn_0,13:14:00,13:14:00,25998,3,0,0
t_68395_b_21609_tn_0,13:15:00,13:15:00,25999,4,0,0
t_68395_b_21609_tn_0,13:18:00,13:18:00,26000,5,0,0
t_68395_b_21609_tn_0,13:22:00,13:22:00,26131,6,0,0
t_68395_b_21609_tn_0,13:24:00,13:24:00,26194,7,0,0
t_68395_b_21609_tn_0,13:25:00,13:25:00,26132,8,0,0
t_68395_b_21609_tn_0,,,26133,9,0,0
t_68395_b_21609_tn_0,13:26:00,13:26:00,26134,10,0,0
t_68395_b_21609_tn_0,13:27:00,13:27:00,26135,11,0,0
t_68395_b_21609_tn_0,,,26136,12,0,0
t_68395_b_21609_tn_0,13:28:00,13:28:00,26137,13,0,0
t_68395_b_21609_tn_0,,,26138,14,0,0
t_68395_b_21609_tn_0,13:34:00,13:34:00,25995,15,0,0
t_68395_b_21609_tn_0,13:37:00,13:37:00,26099,16,1,0
t_68603_b_21608_tn_0,13:10:00,13:10:00,26166,1,0,0
t_68603_b_21608_tn_0,13:15:00,13:15:00,26145,2,0,0
t_68603_b_21608_tn_0,,,26146,3,0,0
t_68603_b_21608_tn_0,,,26169,4,0,0
t_68603_b_21608_tn_0,,,26060,5,0,0
t_68603_b_21608_tn_0,13:24:00,13:24:00,26163,6,0,0
t_68603_b_21608_tn_0,,,26028,7,0,0
t_68603_b_21608_tn_0,,,26063,8,0,0
t_68603_b_21608_tn_0,13:29:00,13:29:00,26065,9,0,0
t_68603_b_21608_tn_0,,,26291,10,0,0
t_68603_b_21608_tn_0,,,26171,11,0,0
t_68603_b_21608_tn_0,13:37:00,13:37:00,26069,12,0,0
t_68603_b_21608_tn_0,,,26172,13,0,0
t_68603_b_21608_tn_0,,,766446,14,0,0
t_68603_b_21608_tn_0,13:41:00,13:41:00,26161,15,0,0
t_68603_b_21608_tn_0,13:48:00,13:48:00,26244,16,1,0
t_69207_b_718_tn_0,12:45:00,12:45:00,844531,1,0,0
t_69207_b_718_tn_0,,,2434993,2,0,0
t_69207_b_718_tn_0,,,2434994,3,0,0
t_69207_b_718_tn_0,,,2434995,4,0,0
t_69207_b_718_tn_0,,,2434996,5,0,0
t_69207_b_718_tn_0,,,2434997,6,0,0
t_69207_b_718_tn_0,,,2434998,7,0,0
t_69207_b_718_tn_0,,,2434999,8,0,0
t_69207_b_718_tn_0,,,2435000,9,0,0
t_69207_b_718_tn_0,12:50:00,12:50:00,25988,10,0,0
t_69207_b_718_tn_0,,,25989,11,0,0
t_69207_b_718_tn_0,,,25990,12,0,0
t_69207_b_718_tn_0,12:55:00,12:55:00,25991,13,0,0
t_69207_b_718_tn_0,,,25992,14,0,0
t_69207_b_718_tn_0,,,25993,15,0,0
t_69207_b_718_tn_0,,,25994,16,0,0
t_69207_b_718_tn_0,,,25995,17,0,0
t_69207_b_718_tn_0,13:02:00,13:02:00,26099,18,0,0
t_69207_b_718_tn_0,,,25996,19,0,0
t_69207_b_718_tn_0,,,25998,20,0,0
t_69207_b_718_tn_0,,,25999,21,0,0
t_69207_b_718_tn_0,,,26000,22,0,0
t_69207_b_718_tn_0,,,26001,23,0,0
t_69207_b_718_tn_0,,,26002,24,0,0
t_69207_b_718_tn_0,,,26003,25,0,0
t_69207_b_718_tn_0,,,26004,26,0,0
t_69207_b_718_tn_0,13:11:00,13:11:00,26005,27,0,0
t_69207_b_718_tn_0,,,26006,28,0,0
t_69207_b_718_tn_0,,,26007,29,0,0
t_69207_b_718_tn_0,13:17:00,13:17:00,26008,30,0,0
t_69207_b_718_tn_0,,,26009,31,0,0
t_69207_b_718_tn_0,,,26010,32,0,0
t_69207_b_718_tn_0,,,26011,33,0,0
t_69207_b_718_tn_0,,,26012,34,0,0
t_69207_b_718_tn_0,,,26013,35,0,0
t_69207_b_718_tn_0,,,26014,36,0,0
t_69207_b_718_tn_0,,,26015,37,0,0
t_69207_b_718_tn_0,,,26016,38,0,0
t_69207_b_718_tn_0,,,26017,39,0,0
t_69207_b_718_tn_0,,,26018,40,0,0
t_69207_b_718_tn_0,13:28:00,13:28:00,26019,41,0,0
t_69207_b_718_tn_0,,,26020,42,0,0
t_69207_b_718_tn_0,,,26021,43,0,0
t_69207_b_718_tn_0,,,26022,44,0,0
t_69207_b_718_tn_0,,,26023,45,0,0
t_69207_b_718_tn_0,,,26024,46,0,0
t_69207_b_718_tn_0,,,26025,47,0,0
t_69207_b_718_tn_0,,,26026,48,0,0
t_69207_b_718_tn_0,,,26027,49,0,0
t_69207_b_718_tn_0,,,26292,50,0,0
t_69207_b_718_tn_0,13:37:00,13:37:00,26040,51,0,0
t_69207_b_718_tn_0,,,26029,52,0,0
t_69207_b_718_tn_0,,,26030,53,0,0
t_69207_b_718_tn_0,,,26031,54,0,0
t_69207_b_718_tn_0,,,26032,55,0,0
t_69207_b_718_tn_0,,,26033,56,0,0
t_69207_b_718_tn_0,,,26034,57,0,0
t_69207_b_718_tn_0,13:45:00,13:45:00,26035,58,1,0
t_69995_b_21608_tn_0,12:35:00,12:35:00,26099,1,0,1
t_69995_b_21608_tn_0,12:36:00,12:36:00,26141,2,0,0
t_69995_b_21608_tn_0,12:40:00,12:40:00,26128,3,0,0
t_69995_b_21608_tn_0,12:46:00,12:46:00,26127,4,0,0
t_69995_b_21608_tn_0,12:52:00,12:52:00,26287,5,0,0
t_69995_b_21608_tn_0,,,26124,6,0,0
t_69995_b_21608_tn_0,,,26286,7,0,0
t_69995_b_21608_tn_0,,,26120,8,0,0
t_69995_b_21608_tn_0,12:57:00,12:57:00,26116,9,0,0
t_69995_b_21608_tn_0,,,26113,10,0,0
t_69995_b_21608_tn_0,,,26112,11,0,0
t_69995_b_21608_tn_0,,,26110,12,0,0
t_69995_b_21608_tn_0,,,26108,13,0,0
t_69995_b_21608_tn_0,13:05:00,13:05:00,26106,14,0,0
t_69995_b_21608_tn_0,,,26103,15,0,0
t_69995_b_21608_tn_0,13:09:00,13:09:00,26102,16,0,0
t_69995_b_21608_tn_0,13:12:00,13:12:00,26101,17,1,0
t_771258_b_21608_tn_0,07:34:00,07:34:00,26161,1,0,1
t_771258_b_21608_tn_0,07:39:00,07:39:00,26020,2,0,0
t_771258_b_21608_tn_0,07:43:00,07:43:00,26173,3,0,0
t_771258_b_21608_tn_0,,,26174,4,0,0
t_771258_b_21608_tn_0,07:47:00,07:47:00,26175,5,0,0
t_771258_b_21608_tn_0,07:49:00,07:49:00,26176,6,0,0
t_771258_b_21608_tn_0,,,26177,7,0,0
t_771258_b_21608_tn_0,07:53:00,07:53:00,26178,8,0,0
t_771258_b_21608_tn_0,,,26179,9,0,0
t_771258_b_21608_tn_0,07:57:00,07:57:00,26180,10,0,0
t_771258_b_21608_tn_0,,,26181,11,0,0
t_771258_b_21608_tn_0,,,26182,12,0,0
t_771258_b_21608_tn_0,08:01:00,08:01:00,26183,13,0,0
t_771258_b_21608_tn_0,,,26184,14,0,0
t_771258_b_21608_tn_0,,,26145,15,0,0
t_771258_b_21608_tn_0,08:05:00,08:05:00,26146,16,1,0
t_771259_b_21608_tn_0,12:40:00,12:40:00,26166,1,0,1
t_771259_b_21608_tn_0,,,26186,2,0,0
t_771259_b_21608_tn_0,,,26187,3,0,0
t_771259_b_21608_tn_0,12:46:00,12:46:00,766442,4,0,0
t_771259_b_21608_tn_0,,,26191,5,0,0
t_771259_b_21608_tn_0,12:54:00,12:54:00,26192,6,0,0
t_771259_b_21608_tn_0,12:56:00,12:56:00,26175,7,0,0
t_771259_b_21608_tn_0,,,26282,8,0,0
t_771259_b_21608_tn_0,13:00:00,13:00:00,26193,9,0,0
t_771259_b_21608_tn_0,13:03:00,13:03:00,26069,10,0,0
t_771259_b_21608_tn_0,,,26172,11,0,0
t_771259_b_21608_tn_0,,,26082,12,0,0
t_771259_b_21608_tn_0,13:07:00,13:07:00,26161,13,0,0
t_771259_b_21608_tn_0,13:14:00,13:14:00,26244,14,1,0
t_771260_b_21608_tn_0,07:35:00,07:35:00,26161,1,0,1
t_771260_b_21608_tn_0,07:39:00,07:39:00,26020,2,0,0
t_771260_b_21608_tn_0,,,26162,3,0,0
t_771260_b_21608_tn_0,,,26290,4,0,0
t_771260_b_21608_tn_0,07:43:00,07:43:00,26024,5,0,0
t_771260_b_21608_tn_0,07:44:00,07:44:00,26025,6,0,0
t_771260_b_21608_tn_0,,,26027,7,0,0
t_771260_b_21608_tn_0,,,26292,8,0,0
t_771260_b_21608_tn_0,07:49:00,07:49:00,26163,9,0,0
t_771260_b_21608_tn_0,,,26100,10,0,0
t_771260_b_21608_tn_0,,,26164,11,0,0
t_771260_b_21608_tn_0,07:58:00,07:58:00,26167,12,0,0
t_771260_b_21608_tn_0,08:05:00,08:05:00,26166,13,1,0
t_771261_b_21608_tn_0,12:40:00,12:40:00,26166,1,0,1
t_771261_b_21608_tn_0,12:45:00,12:45:00,26145,2,0,0
t_771261_b_21608_tn_0,,,26146,3,0,0
t_771261_b_21608_tn_0,,,26169,4,0,0
t_771261_b_21608_tn_0,,,26060,5,0,0
t_771261_b_21608_tn_0,12:54:00,12:54:00,26163,6,0,0
t_771261_b_21608_tn_0,,,26028,7,0,0
t_771261_b_21608_tn_0,,,26063,8,0,0
t_771261_b_21608_tn_0,12:59:00,12:59:00,26065,9,0,0
t_771261_b_21608_tn_0,,,26291,10,0,0
t_771261_b_21608_tn_0,,,26171,11,0,0
t_771261_b_21608_tn_0,13:07:00,13:07:00,26069,12,0,0
t_771261_b_21608_tn_0,,,26172,13,0,0
t_771261_b_21608_tn_0,,,766446,14,0,0
t_771261_b_21608_tn_0,13:11:00,13:11:00,26161,15,0,0
t_771261_b_21608_tn_0,13:18:00,13:18:00,26244,16,1,0
t_771262_b_21608_tn_0,07:18:00,07:18:00,26161,1,0,1
t_771262_b_21608_tn_0,07:20:00,07:20:00,26008,2,0,0
t_771262_b_21608_tn_0,07:22:00,07:22:00,26009,3,0,0
t_771262_b_21608_tn_0,07:24:00,07:24:00,26010,4,0,0
t_771262_b_21608_tn_0,07:25:00,07:25:00,26243,5,0,0
t_771262_b_21608_tn_0,,,26014,6,0,0
t_771262_b_21608_tn_0,,,26015,7,0,0
t_771262_b_21608_tn_0,,,26016,8,0,0
t_771262_b_21608_tn_0,,,26215,9,0,0
t_771262_b_21608_tn_0,07:33:00,07:33:00,26216,10,0,0
t_771262_b_21608_tn_0,,,26217,11,0,0
t_771262_b_21608_tn_0,,,26218,12,0,0
t_771262_b_21608_tn_0,07:38:00,07:38:00,26252,13,0,0
t_771262_b_21608_tn_0,07:40:00,07:40:00,26220,14,0,0
t_771262_b_21608_tn_0,,,26221,15,0,0
t_771262_b_21608_tn_0,,,26222,16,0,0
t_771262_b_21608_tn_0,07:44:00,07:44:00,26256,17,0,0
t_771262_b_21608_tn_0,,,26224,18,0,0
t_771262_b_21608_tn_0,,,26258,19,0,0
t_771262_b_21608_tn_0,,,26226,20,0,0
t_771262_b_21608_tn_0,,,26227,21,0,0
t_771262_b_21608_tn_0,,,26261,22,0,0
t_771262_b_21608_tn_0,,,26229,23,0,0
t_771262_b_21608_tn_0,07:50:00,07:50:00,26101,24,0,0
t_771262_b_21608_tn_0,,,26052,25,0,0
t_771262_b_21608_tn_0,,,26053,26,0,0
t_771262_b_21608_tn_0,,,26054,27,0,0
t_771262_b_21608_tn_0,,,26055,28,0,0
t_771262_b_21608_tn_0,,,26145,29,0,0
t_771262_b_21608_tn_0,,,26262,30,0,0
t_771262_b_21608_tn_0,08:00:00,08:00:00,26167,31,0,0
t_771262_b_21608_tn_0,08:05:00,08:05:00,26166,32,1,0
t_771263_b_21608_tn_0,13:14:00,13:14:00,26166,1,0,0
t_771263_b_21608_tn_0,13:20:00,13:20:00,26101,2,0,0
t_771263_b_21608_tn_0,,,26049,3,0,0
t_771263_b_21608_tn_0,13:23:00,13:23:00,26102,4,0,0
t_771263_b_21608_tn_0,,,26231,5,0,0
t_771263_b_21608_tn_0,,,26232,6,0,0
t_771263_b_21608_tn_0,,,26265,7,0,0
t_771263_b_21608_tn_0,13:28:00,13:28:00,26266,8,0,0
t_771263_b_21608_tn_0,,,26267,9,0,0
t_771263_b_21608_tn_0,13:38:00,13:38:00,26268,10,0,0
t_771263_b_21608_tn_0,,,26236,11,0,0
t_771263_b_21608_tn_0,,,26237,12,0,0
t_771263_b_21608_tn_0,13:41:00,13:41:00,26238,13,0,0
t_771263_b_21608_tn_0,13:43:00,13:43:00,26272,14,0,0
t_771263_b_21608_tn_0,,,26273,15,0,0
t_771263_b_21608_tn_0,13:48:00,13:48:00,26241,16,0,0
t_771263_b_21608_tn_0,,,26248,17,0,0
t_771263_b_21608_tn_0,,,26242,18,0,0
t_771263_b_21608_tn_0,,,26073,19,0,0
t_771263_b_21608_tn_0,,,26074,20,0,0
t_771263_b_21608_tn_0,13:54:00,13:54:00,27813,21,0,0
t_771263_b_21608_tn_0,13:57:00,13:57:00,26079,22,0,0
t_771263_b_21608_tn_0,,,26080,23,0,0
t_771263_b_21608_tn_0,14:00:00,14:00:00,26081,24,0,0
t_771263_b_21608_tn_0,14:01:00,14:01:00,26161,25,1,0
t_771264_b_21608_tn_0,06:41:00,06:41:00,26141,1,0,0
t_771264_b_21608_tn_0,,,759432,2,0,0
t_771264_b_21608_tn_0,06:46:00,06:46:00,26154,3,0,0
t_771264_b_21608_tn_0,,,759005,4,0,0
t_771264_b_21608_tn_0,,,26156,5,0,0
t_771264_b_21608_tn_0,06:50:00,06:50:00,26158,6,0,0
t_771264_b_21608_tn_0,,,26204,7,0,0
t_771264_b_21608_tn_0,,,759006,8,0,0
t_771264_b_21608_tn_0,,,26002,9,0,0
t_771264_b_21608_tn_0,07:02:00,07:02:00,26003,10,0,0
t_771264_b_21608_tn_0,07:04:00,07:04:00,26004,11,0,0
t_771264_b_21608_tn_0,,,26207,12,0,0
t_771264_b_21608_tn_0,07:07:00,07:07:00,26208,13,0,0
t_771264_b_21608_tn_0,,,26209,14,0,0
t_771264_b_21608_tn_0,07:09:00,07:09:00,26210,15,0,0
t_771264_b_21608_tn_0,07:12:00,07:12:00,759042,16,0,0
t_771264_b_21608_tn_0,07:13:00,07:13:00,759435,17,0,0
t_771264_b_21608_tn_0,,,26009,18,0,0
t_771264_b_21608_tn_0,,,26010,19,0,0
t_771264_b_21608_tn_0,07:21:00,07:21:00,758730,20,1,0
t_771265_b_21608_tn_0,07:41:00,07:41:00,26208,1,0,1
t_771265_b_21608_tn_0,,,26209,2,0,0
t_771265_b_21608_tn_0,07:43:00,07:43:00,26210,3,0,0
t_771265_b_21608_tn_0,07:46:00,07:46:00,759042,4,0,0
t_771265_b_21608_tn_0,07:50:00,07:50:00,759435,5,0,0
t_771265_b_21608_tn_0,,,26009,6,0,0
t_771265_b_21608_tn_0,,,26010,7,0,0
t_771265_b_21608_tn_0,07:57:00,07:57:00,758730,8,1,0
t_771266_b_21608_tn_0,13:10:00,13:10:00,26146,1,0,1
t_771266_b_21608_tn_0,,,26145,2,0,0
t_771266_b_21608_tn_0,13:17:00,13:17:00,26046,3,0,0
t_771266_b_21608_tn_0,,,26148,4,0,0
t_771266_b_21608_tn_0,,,26049,5,0,0
t_771266_b_21608_tn_0,13:22:00,13:22:00,26050,6,0,0
t_771266_b_21608_tn_0,,,26104,7,0,0
t_771266_b_21608_tn_0,13:27:00,13:27:00,26105,8,0,0
t_771266_b_21608_tn_0,,,26107,9,0,0
t_771266_b_21608_tn_0,,,26149,10,0,0
t_771266_b_21608_tn_0,,,26111,11,0,0
t_771266_b_21608_tn_0,,,26114,12,0,0
t_771266_b_21608_tn_0,13:35:00,13:35:00,26115,13,0,0
t_771266_b_21608_tn_0,,,26150,14,0,0
t_771266_b_21608_tn_0,,,26151,15,0,0
t_771266_b_21608_tn_0,13:40:00,13:40:00,26121,16,0,0
t_771266_b_21608_tn_0,,,26123,17,0,0
t_771266_b_21608_tn_0,,,26125,18,0,0
t_771266_b_21608_tn_0,13:47:00,13:47:00,26127,19,0,0
t_771266_b_21608_tn_0,13:49:00,13:49:00,26128,20,0,0
t_771266_b_21608_tn_0,13:54:00,13:54:00,759433,21,0,0
t_771266_b_21608_tn_0,,,759432,22,0,0
t_771266_b_21608_tn_0,,,26098,23,0,0
t_771266_b_21608_tn_0,14:00:00,14:00:00,26154,24,0,0
t_771266_b_21608_tn_0,,,26155,25,0,0
t_771266_b_21608_tn_0,,,26156,26,0,0
t_771266_b_21608_tn_0,14:03:00,14:03:00,26157,27,0,0
t_771266_b_21608_tn_0,14:05:00,14:05:00,26158,28,0,0
t_771266_b_21608_tn_0,,,26159,29,0,0
t_771266_b_21608_tn_0,,,26160,30,0,0
t_771266_b_21608_tn_0,14:09:00,14:09:00,26130,31,1,0
t_771267_b_21608_tn_0,06:40:00,06:40:00,26129,1,0,1
t_771267_b_21608_tn_0,,,26131,2,0,0
t_771267_b_21608_tn_0,,,26132,3,0,0
t_771267_b_21608_tn_0,,,26133,4,0,0
t_771267_b_21608_tn_0,06:44:00,06:44:00,26134,5,0,0
t_771267_b_21608_tn_0,06:46:00,06:46:00,26135,6,0,0
t_771267_b_21608_tn_0,,,26136,7,0,0
t_771267_b_21608_tn_0,,,26137,8,0,0
t_771267_b_21608_tn_0,06:47:00,06:47:00,26138,9,0,0
t_771267_b_21608_tn_0,,,25991,10,0,0
t_771267_b_21608_tn_0,,,759434,11,0,0
t_771267_b_21608_tn_0,06:54:00,06:54:00,759433,12,0,0
t_771267_b_21608_tn_0,,,26142,13,0,0
t_771267_b_21608_tn_0,06:58:00,06:58:00,26128,14,0,0
t_771267_b_21608_tn_0,06:59:00,06:59:00,26127,15,0,0
t_771267_b_21608_tn_0,,,26287,16,0,0
t_771267_b_21608_tn_0,07:03:00,07:03:00,26124,17,0,0
t_771267_b_21608_tn_0,,,26121,18,0,0
t_771267_b_21608_tn_0,,,26143,19,0,0
t_771267_b_21608_tn_0,,,26144,20,0,0
t_771267_b_21608_tn_0,07:07:00,07:07:00,26116,21,0,0
t_771267_b_21608_tn_0,,,26113,22,0,0
t_771267_b_21608_tn_0,,,26112,23,0,0
t_771267_b_21608_tn_0,,,26110,24,0,0
t_771267_b_21608_tn_0,,,26108,25,0,0
t_771267_b_21608_tn_0,07:12:00,07:12:00,26106,26,0,0
t_771267_b_21608_tn_0,,,26103,27,0,0
t_771267_b_21608_tn_0,07:16:00,07:16:00,26102,28,0,0
t_771267_b_21608_tn_0,,,26052,29,0,0
t_771267_b_21608_tn_0,,,26053,30,0,0
t_771267_b_21608_tn_0,,,26288,31,0,0
t_771267_b_21608_tn_0,,,26054,32,0,0
t_771267_b_21608_tn_0,07:19:00,07:19:00,26055,33,0,0
t_771267_b_21608_tn_0,,,26057,34,0,0
t_771267_b_21608_tn_0,07:23:00,07:23:00,26145,35,0,0
t_771267_b_21608_tn_0,07:24:00,07:24:00,26146,36,1,0
t_771403_b_21608_tn_0,08:05:00,08:05:00,26141,1,0,0
t_771403_b_21608_tn_0,,,26152,2,0,0
t_771403_b_21608_tn_0,08:11:00,08:11:00,26154,3,0,0
t_771403_b_21608_tn_0,,,26156,4,0,0
t_771403_b_21608_tn_0,08:15:00,08:15:00,26158,5,0,0
t_771403_b_21608_tn_0,,,26204,6,0,0
t_771403_b_21608_tn_0,,,26002,7,0,0
t_771403_b_21608_tn_0,08:23:00,08:23:00,26003,8,0,0
t_771403_b_21608_tn_0,08:25:00,08:25:00,26004,9,0,0
t_771403_b_21608_tn_0,,,26207,10,0,0
t_771403_b_21608_tn_0,08:29:00,08:29:00,26208,11,0,0
t_771403_b_21608_tn_0,,,26209,12,0,0
t_771403_b_21608_tn_0,08:31:00,08:31:00,26210,13,0,0
t_771403_b_21608_tn_0,08:32:00,08:32:00,26211,14,0,0
t_771403_b_21608_tn_0,08:34:00,08:34:00,26212,15,0,0
t_771403_b_21608_tn_0,08:38:00,08:38:00,26161,16,1,0
t_771404_b_21608_tn_0,07:24:00,07:24:00,26161,1,0,1
t_771404_b_21608_tn_0,07:28:00,07:28:00,759043,2,0,0
t_771404_b_21608_tn_0,,,26198,3,0,0
t_771404_b_21608_tn_0,07:36:00,07:36:00,26199,4,0,0
t_771404_b_21608_tn_0,,,26200,5,0,0
t_771404_b_21608_tn_0,07:44:00,07:44:00,26202,6,0,0
t_771404_b_21608_tn_0,,,26203,7,0,0
t_771404_b_21608_tn_0,,,26205,8,0,0
t_771404_b_21608_tn_0,,,26206,9,0,0
t_771404_b_21608_tn_0,07:49:00,07:49:00,26087,10,0,0
t_771404_b_21608_tn_0,,,26088,11,0,0
t_771404_b_21608_tn_0,07:52:00,07:52:00,26089,12,0,0
t_771404_b_21608_tn_0,,,26091,13,0,0
t_771404_b_21608_tn_0,08:00:00,08:00:00,26099,14,0,0
t_771404_b_21608_tn_0,08:01:00,08:01:00,26141,15,1,0
t_771405_b_21608_tn_0,12:35:00,12:35:00,26099,1,0,1
t_771405_b_21608_tn_0,12:36:00,12:36:00,26141,2,0,0
t_771405_b_21608_tn_0,,,759432,3,0,0
t_771405_b_21608_tn_0,12:42:00,12:42:00,26154,4,0,0
t_771405_b_21608_tn_0,,,759005,5,0,0
t_771405_b_21608_tn_0,,,26156,6,0,0
t_771405_b_21608_tn_0,12:46:00,12:46:00,26158,7,0,0
t_771405_b_21608_tn_0,,,26204,8,0,0
t_771405_b_21608_tn_0,,,759006,9,0,0
t_771405_b_21608_tn_0,,,26002,10,0,0
t_771405_b_21608_tn_0,12:54:00,12:54:00,26003,11,0,0
t_771405_b_21608_tn_0,12:56:00,12:56:00,26004,12,0,0
t_771405_b_21608_tn_0,,,26207,13,0,0
t_771405_b_21608_tn_0,13:00:00,13:00:00,26208,14,0,0
t_771405_b_21608_tn_0,,,26209,15,0,0
t_771405_b_21608_tn_0,13:02:00,13:02:00,26210,16,0,0
t_771405_b_21608_tn_0,13:03:00,13:03:00,759042,17,0,0
t_771405_b_21608_tn_0,13:09:00,13:09:00,759435,18,0,0
t_771405_b_21608_tn_0,,,26009,19,0,0
t_771405_b_21608_tn_0,,,26010,20,0,0
t_771405_b_21608_tn_0,13:16:00,13:16:00,758730,21,1,0
t_771406_b_21608_tn_0,12:35:00,12:35:00,26099,1,0,1
t_771406_b_21608_tn_0,12:36:00,12:36:00,26141,2,0,0
t_771406_b_21608_tn_0,,,759432,3,0,0
t_771406_b_21608_tn_0,12:42:00,12:42:00,26154,4,0,0
t_771406_b_21608_tn_0,,,759005,5,0,0
t_771406_b_21608_tn_0,,,26156,6,0,0
t_771406_b_21608_tn_0,12:46:00,12:46:00,26158,7,0,0
t_771406_b_21608_tn_0,,,26204,8,0,0
t_771406_b_21608_tn_0,,,759006,9,0,0
t_771406_b_21608_tn_0,,,26002,10,0,0
t_771406_b_21608_tn_0,12:54:00,12:54:00,26003,11,0,0
t_771406_b_21608_tn_0,12:56:00,12:56:00,26004,12,0,0
t_771406_b_21608_tn_0,,,26207,13,0,0
t_771406_b_21608_tn_0,13:00:00,13:00:00,26208,14,0,0
t_771406_b_21608_tn_0,,,26209,15,0,0
t_771406_b_21608_tn_0,13:02:00,13:02:00,26210,16,0,0
t_771406_b_21608_tn_0,13:03:00,13:03:00,759042,17,0,0
t_771406_b_21608_tn_0,13:09:00,13:09:00,759435,18,0,0
t_771406_b_21608_tn_0,,,26009,19,0,0
t_771406_b_21608_tn_0,,,26010,20,0,0
t_771406_b_21608_tn_0,13:16:00,13:16:00,758730,21,1,0
